{"cameras": {"Camera0000": {"frame": 0, "pose": [-1.6292068494294654e-07, -0.19611598551273346, 0.9805806875228882, -1.0, -1.3677755816843273e-07, -1.9350262903117255e-07, 1.720703863838935e-07, -0.9805806875228882, -0.19611598551273346, -2.5, -0.0, 1.0]}, "Camera0001": {"frame": 1, "pose": [-4.371138828673793e-08, -0.2248004972934723, 0.9744048118591309, -1.0, -3.314209129356982e-09, -4.562418709497251e-08, 1.348572098436307e-08, -0.9744048118591309, -0.2248004972934723, -2.437626600265503, -0.009999999776482582, 1.0623735189437866]}, "Camera0002": {"frame": 2, "pose": [7.549790126404332e-08, -0.25306129455566406, 0.9674502611160278, -1.0, -1.0121742377577903e-07, 5.156201865474941e-08, 8.487447189509112e-08, -0.9674502611160278, -0.25306129455566406, -2.377979040145874, -0.019999999552965164, 1.122020959854126]}, "Camera0003": {"frame": 3, "pose": [-2.821299744937278e-07, -0.27946656942367554, 0.9601554274559021, -1.0, 2.0837119052430353e-07, -2.3318848718645313e-07, -1.349003468931187e-07, -0.9601554274559021, -0.27946656942367554, -2.323664426803589, -0.029999999329447746, 1.1763355731964111]}, "Camera0004": {"frame": 4, "pose": [7.549790126404332e-08, -0.3026052415370941, 0.9531159996986389, -1.0, -5.449906304022534e-09, 7.748136710006293e-08, -1.8251874678298918e-08, -0.9531159996986389, -0.3026052415370941, -2.2770564556121826, -0.03999999910593033, 1.2229434251785278]}, "Camera0005": {"frame": 5, "pose": [7.549790126404332e-08, -0.3211986720561981, 0.9470118284225464, -1.0, -1.8214267072380608e-07, 1.7944772778832885e-08, 1.66727431860636e-07, -0.9470118284225464, -0.3211986720561981, -2.240192413330078, -0.05000000074505806, 1.2598075866699219]}, "Camera0006": {"frame": 6, "pose": [7.549790126404332e-08, -0.3342062532901764, 0.9424999356269836, -1.0, -1.9519225702424592e-07, 1.0889576351758024e-08, 1.8032933724043687e-07, -0.9424999356269836, -0.3342062532901764, -2.2146830558776855, -0.05999999865889549, 1.2853169441223145]}, "Camera0007": {"frame": 7, "pose": [7.549790126404332e-08, -0.34089767932891846, 0.9401004314422607, -1.0, 1.975449492874759e-08, 8.747168322997823e-08, -4.839010259161114e-08, -0.9401004314422607, -0.34089767932891846, -2.201643466949463, -0.07000000029802322, 1.298356533050537]}, "Camera0008": {"frame": 8, "pose": [7.549790126404332e-08, -0.34089767932891846, 0.9401004314422607, -1.0, 1.975449492874759e-08, 8.747168322997823e-08, -4.839010259161114e-08, -0.9401004314422607, -0.34089767932891846, -2.201643466949463, -0.07999999821186066, 1.298356533050537]}, "Camera0009": {"frame": 9, "pose": [7.549790126404332e-08, -0.3342062532901764, 0.9424999356269836, -1.0, -1.9519225702424592e-07, 1.0889576351758024e-08, 1.8032933724043687e-07, -0.9424999356269836, -0.3342062532901764, -2.2146830558776855, -0.09000000357627869, 1.2853169441223145]}, "Camera0010": {"frame": 10, "pose": [7.549790126404332e-08, -0.3211986720561981, 0.9470118284225464, -1.0, -1.8214267072380608e-07, 1.7944772778832885e-08, 1.66727431860636e-07, -0.9470118284225464, -0.3211986720561981, -2.240192413330078, -0.10000000149011612, 1.2598075866699219]}, "Camera0011": {"frame": 11, "pose": [7.549790126404332e-08, -0.3026052415370941, 0.9531159996986389, -1.0, -5.449906304022534e-09, 7.748136710006293e-08, -1.8251874678298918e-08, -0.9531159996986389, -0.3026052415370941, -2.2770564556121826, -0.10999999940395355, 1.2229434251785278]}, "Camera0012": {"frame": 12, "pose": [-2.821299744937278e-07, -0.27946656942367554, 0.9601554274559021, -1.0, 2.0837119052430353e-07, -2.3318848718645313e-07, -1.349003468931187e-07, -0.9601554274559021, -0.27946656942367554, -2.323664426803589, -0.11999999731779099, 1.1763355731964111]}, "Camera0013": {"frame": 13, "pose": [7.549790126404332e-08, -0.25306129455566406, 0.9674502611160278, -1.0, -1.0121742377577903e-07, 5.156201865474941e-08, 8.487447189509112e-08, -0.9674502611160278, -0.25306129455566406, -2.377979040145874, -0.12999999523162842, 1.122020959854126]}, "Camera0014": {"frame": 14, "pose": [-4.371138828673793e-08, -0.2248004972934723, 0.9744048118591309, -1.0, -3.314209129356982e-09, -4.562418709497251e-08, 1.348572098436307e-08, -0.9744048118591309, -0.2248004972934723, -2.437626600265503, -0.14000000059604645, 1.0623735189437866]}, "Camera0015": {"frame": 15, "pose": [-1.6292068494294654e-07, -0.19611598551273346, 0.9805806875228882, -1.0, -1.3677755816843273e-07, -1.9350262903117255e-07, 1.720703863838935e-07, -0.9805806875228882, -0.19611598551273346, -2.5, -0.15000000596046448, 1.0]}, "Camera0016": {"frame": 16, "pose": [4.331257628109597e-07, -0.1683521270751953, 0.9857268929481506, -1.0, -4.4798090925723955e-07, 3.628867375482514e-07, 3.80494071805515e-07, -0.9857268929481506, -0.1683521270751953, -2.562373399734497, -0.1599999964237213, 0.9376264810562134]}, "Camera0017": {"frame": 17, "pose": [-4.0133926404450904e-07, -0.14268040657043457, 0.9897688031196594, -1.0, 2.12696875223628e-07, -3.748264987279981e-07, -1.5704033273777895e-07, -0.9897688031196594, -0.14268040657043457, -2.622020959854126, -0.17000000178813934, 0.8779789805412292]}, "Camera0018": {"frame": 18, "pose": [-1.6292068494294654e-07, -0.12006070464849472, 0.9927665591239929, -1.0, 4.3755591150329565e-08, -1.588161353538453e-07, -2.4371509255161072e-08, -0.9927665591239929, -0.12006070464849472, -2.676335573196411, -0.18000000715255737, 0.8236644268035889]}, "Camera0019": {"frame": 19, "pose": [7.549790126404332e-08, -0.10122630000114441, 0.9948634505271912, -1.0, -7.642372956695453e-09, 7.511010124972017e-08, 0.0, -0.9948634505271912, -0.10122630000114441, -2.7229435443878174, -0.1899999976158142, 0.7770565748214722]}, "Camera0020": {"frame": 20, "pose": [-4.371138828673793e-08, -0.08670440316200256, 0.9962340593338013, -1.0, 9.14879905167254e-08, -3.5914229812306075e-08, -8.802953033182348e-08, -0.9962340593338013, -0.08670440316200256, -2.759807586669922, -0.20000000298023224, 0.7401923537254333]}, "Camera0021": {"frame": 21, "pose": [1.9470718370939721e-07, -0.07684879750013351, 0.9970427751541138, -1.0, -1.0392633420508446e-08, 1.944836611755818e-07, -4.5839354534393806e-09, -0.9970427751541138, -0.07684879750013351, -2.7853169441223145, -0.20999999344348907, 0.7146830558776855]}, "Camera0022": {"frame": 22, "pose": [7.549790126404332e-08, -0.0718715637922287, 0.9974138736724854, -1.0, -2.960730398626765e-07, 5.4359244217039304e-08, 2.914004824106087e-07, -0.9974138736724854, -0.0718715637922287, -2.798356533050537, -0.2199999988079071, 0.7016434073448181]}, "Camera0023": {"frame": 23, "pose": [7.549790126404332e-08, -0.0718715637922287, 0.9974138736724854, -1.0, -2.960730398626765e-07, 5.4359244217039304e-08, 2.914004824106087e-07, -0.9974138736724854, -0.0718715637922287, -2.798356533050537, -0.23000000417232513, 0.7016434073448181]}, "Camera0024": {"frame": 24, "pose": [1.9470718370939721e-07, -0.07684879750013351, 0.9970427751541138, -1.0, -1.0392633420508446e-08, 1.944836611755818e-07, -4.5839354534393806e-09, -0.9970427751541138, -0.07684879750013351, -2.7853169441223145, -0.23999999463558197, 0.7146830558776855]}, "Camera0025": {"frame": 25, "pose": [-4.371138828673793e-08, -0.08670440316200256, 0.9962340593338013, -1.0, 9.14879905167254e-08, -3.5914229812306075e-08, -8.802953033182348e-08, -0.9962340593338013, -0.08670440316200256, -2.759807586669922, -0.25, 0.7401923537254333]}, "Camera0026": {"frame": 26, "pose": [7.549790126404332e-08, -0.10122630000114441, 0.9948634505271912, -1.0, -7.642372956695453e-09, 7.511010124972017e-08, 0.0, -0.9948634505271912, -0.10122630000114441, -2.7229435443878174, -0.25999999046325684, 0.7770565748214722]}, "Camera0027": {"frame": 27, "pose": [-1.6292068494294654e-07, -0.12006070464849472, 0.9927665591239929, -1.0, 4.3755591150329565e-08, -1.588161353538453e-07, -2.4371509255161072e-08, -0.9927665591239929, -0.12006070464849472, -2.676335573196411, -0.27000001072883606, 0.8236644268035889]}, "Camera0028": {"frame": 28, "pose": [-4.0133926404450904e-07, -0.14268040657043457, 0.9897688031196594, -1.0, 2.12696875223628e-07, -3.748264987279981e-07, -1.5704033273777895e-07, -0.9897688031196594, -0.14268040657043457, -2.622020959854126, -0.2800000011920929, 0.8779789805412292]}, "Camera0029": {"frame": 29, "pose": [4.331257628109597e-07, -0.1683521270751953, 0.9857268929481506, -1.0, -4.4798090925723955e-07, 3.628867375482514e-07, 3.80494071805515e-07, -0.9857268929481506, -0.1683521270751953, -2.562373399734497, -0.28999999165534973, 0.9376264810562134]}, "Camera0030": {"frame": 30, "pose": [-1.6292068494294654e-07, -0.19611598551273346, 0.9805806875228882, -1.0, -1.3677755816843273e-07, -1.9350262903117255e-07, 1.720703863838935e-07, -0.9805806875228882, -0.19611598551273346, -2.5, -0.30000001192092896, 1.0]}, "Camera0031": {"frame": 31, "pose": [-4.371138828673793e-08, -0.2248004972934723, 0.9744048118591309, -1.0, -3.314209129356982e-09, -4.562418709497251e-08, 1.348572098436307e-08, -0.9744048118591309, -0.2248004972934723, -2.437626600265503, -0.3100000023841858, 1.0623735189437866]}, "Camera0032": {"frame": 32, "pose": [7.549790126404332e-08, -0.25306129455566406, 0.9674502611160278, -1.0, -1.0121742377577903e-07, 5.156201865474941e-08, 8.487447189509112e-08, -0.9674502611160278, -0.25306129455566406, -2.377979040145874, -0.3199999928474426, 1.122020959854126]}, "Camera0033": {"frame": 33, "pose": [-2.821299744937278e-07, -0.27946656942367554, 0.9601554274559021, -1.0, 2.0837119052430353e-07, -2.3318848718645313e-07, -1.349003468931187e-07, -0.9601554274559021, -0.27946656942367554, -2.323664426803589, -0.33000001311302185, 1.1763355731964111]}, "Camera0034": {"frame": 34, "pose": [7.549790126404332e-08, -0.3026052415370941, 0.9531159996986389, -1.0, -5.449906304022534e-09, 7.748136710006293e-08, -1.8251874678298918e-08, -0.9531159996986389, -0.3026052415370941, -2.2770564556121826, -0.3400000035762787, 1.2229434251785278]}, "Camera0035": {"frame": 35, "pose": [7.549790126404332e-08, -0.3211986720561981, 0.9470118284225464, -1.0, -1.8214267072380608e-07, 1.7944772778832885e-08, 1.66727431860636e-07, -0.9470118284225464, -0.3211986720561981, -2.240192413330078, -0.3499999940395355, 1.2598075866699219]}, "Camera0036": {"frame": 36, "pose": [7.549790126404332e-08, -0.3342062532901764, 0.9424999356269836, -1.0, -1.9519225702424592e-07, 1.0889576351758024e-08, 1.8032933724043687e-07, -0.9424999356269836, -0.3342062532901764, -2.2146830558776855, -0.36000001430511475, 1.2853169441223145]}, "Camera0037": {"frame": 37, "pose": [7.549790126404332e-08, -0.34089767932891846, 0.9401004314422607, -1.0, 1.975449492874759e-08, 8.747168322997823e-08, -4.839010259161114e-08, -0.9401004314422607, -0.34089767932891846, -2.201643466949463, -0.3700000047683716, 1.298356533050537]}, "Camera0038": {"frame": 38, "pose": [7.549790126404332e-08, -0.34089767932891846, 0.9401004314422607, -1.0, 1.975449492874759e-08, 8.747168322997823e-08, -4.839010259161114e-08, -0.9401004314422607, -0.34089767932891846, -2.201643466949463, -0.3799999952316284, 1.298356533050537]}, "Camera0039": {"frame": 39, "pose": [7.549790126404332e-08, -0.3342062532901764, 0.9424999356269836, -1.0, -1.9519225702424592e-07, 1.0889576351758024e-08, 1.8032933724043687e-07, -0.9424999356269836, -0.3342062532901764, -2.2146830558776855, -0.38999998569488525, 1.2853169441223145]}, "Camera0040": {"frame": 40, "pose": [7.549790126404332e-08, -0.3211986720561981, 0.9470118284225464, -1.0, -1.8214267072380608e-07, 1.7944772778832885e-08, 1.66727431860636e-07, -0.9470118284225464, -0.3211986720561981, -2.240192413330078, -0.4000000059604645, 1.2598075866699219]}, "Camera0041": {"frame": 41, "pose": [7.549790126404332e-08, -0.3026052415370941, 0.9531159996986389, -1.0, -5.449906304022534e-09, 7.748136710006293e-08, -1.8251874678298918e-08, -0.9531159996986389, -0.3026052415370941, -2.2770564556121826, -0.4099999964237213, 1.2229434251785278]}, "Camera0042": {"frame": 42, "pose": [-2.821299744937278e-07, -0.27946656942367554, 0.9601554274559021, -1.0, 2.0837119052430353e-07, -2.3318848718645313e-07, -1.349003468931187e-07, -0.9601554274559021, -0.27946656942367554, -2.323664426803589, -0.41999998688697815, 1.1763355731964111]}, "Camera0043": {"frame": 43, "pose": [7.549790126404332e-08, -0.25306129455566406, 0.9674502611160278, -1.0, -1.0121742377577903e-07, 5.156201865474941e-08, 8.487447189509112e-08, -0.9674502611160278, -0.25306129455566406, -2.377979040145874, -0.4300000071525574, 1.122020959854126]}, "Camera0044": {"frame": 44, "pose": [-4.371138828673793e-08, -0.2248004972934723, 0.9744048118591309, -1.0, -3.314209129356982e-09, -4.562418709497251e-08, 1.348572098436307e-08, -0.9744048118591309, -0.2248004972934723, -2.437626600265503, -0.4399999976158142, 1.0623735189437866]}, "Camera0045": {"frame": 45, "pose": [-1.6292068494294654e-07, -0.19611598551273346, 0.9805806875228882, -1.0, -1.3677755816843273e-07, -1.9350262903117255e-07, 1.720703863838935e-07, -0.9805806875228882, -0.19611598551273346, -2.5, -0.44999998807907104, 1.0]}, "Camera0046": {"frame": 46, "pose": [4.331257628109597e-07, -0.1683521270751953, 0.9857268929481506, -1.0, -4.4798090925723955e-07, 3.628867375482514e-07, 3.80494071805515e-07, -0.9857268929481506, -0.1683521270751953, -2.562373399734497, -0.46000000834465027, 0.9376264810562134]}, "Camera0047": {"frame": 47, "pose": [-4.0133926404450904e-07, -0.14268040657043457, 0.9897688031196594, -1.0, 2.12696875223628e-07, -3.748264987279981e-07, -1.5704033273777895e-07, -0.9897688031196594, -0.14268040657043457, -2.622020959854126, -0.4699999988079071, 0.8779789805412292]}, "Camera0048": {"frame": 48, "pose": [-1.6292068494294654e-07, -0.12006070464849472, 0.9927665591239929, -1.0, 4.3755591150329565e-08, -1.588161353538453e-07, -2.4371509255161072e-08, -0.9927665591239929, -0.12006070464849472, -2.676335573196411, -0.47999998927116394, 0.8236644268035889]}, "Camera0049": {"frame": 49, "pose": [7.549790126404332e-08, -0.10122630000114441, 0.9948634505271912, -1.0, -7.642372956695453e-09, 7.511010124972017e-08, 0.0, -0.9948634505271912, -0.10122630000114441, -2.7229435443878174, -0.49000000953674316, 0.7770565748214722]}, "Camera0050": {"frame": 50, "pose": [-4.371138828673793e-08, -0.08670440316200256, 0.9962340593338013, -1.0, 9.14879905167254e-08, -3.5914229812306075e-08, -8.802953033182348e-08, -0.9962340593338013, -0.08670440316200256, -2.759807586669922, -0.5, 0.7401923537254333]}, "Camera0051": {"frame": 51, "pose": [1.9470718370939721e-07, -0.07684879750013351, 0.9970427751541138, -1.0, -1.0392633420508446e-08, 1.944836611755818e-07, -4.5839354534393806e-09, -0.9970427751541138, -0.07684879750013351, -2.7853169441223145, -0.5099999904632568, 0.7146830558776855]}, "Camera0052": {"frame": 52, "pose": [7.549790126404332e-08, -0.0718715637922287, 0.9974138736724854, -1.0, -2.960730398626765e-07, 5.4359244217039304e-08, 2.914004824106087e-07, -0.9974138736724854, -0.0718715637922287, -2.798356533050537, -0.5199999809265137, 0.7016434073448181]}, "Camera0053": {"frame": 53, "pose": [7.549790126404332e-08, -0.0718715637922287, 0.9974138736724854, -1.0, -2.960730398626765e-07, 5.4359244217039304e-08, 2.914004824106087e-07, -0.9974138736724854, -0.0718715637922287, -2.798356533050537, -0.5299999713897705, 0.7016434073448181]}, "Camera0054": {"frame": 54, "pose": [1.9470718370939721e-07, -0.07684879750013351, 0.9970427751541138, -1.0, -1.0392633420508446e-08, 1.944836611755818e-07, -4.5839354534393806e-09, -0.9970427751541138, -0.07684879750013351, -2.7853169441223145, -0.5400000214576721, 0.7146830558776855]}, "Camera0055": {"frame": 55, "pose": [-4.371138828673793e-08, -0.08670440316200256, 0.9962340593338013, -1.0, 9.14879905167254e-08, -3.5914229812306075e-08, -8.802953033182348e-08, -0.9962340593338013, -0.08670440316200256, -2.759807586669922, -0.550000011920929, 0.7401923537254333]}, "Camera0056": {"frame": 56, "pose": [7.549790126404332e-08, -0.10122630000114441, 0.9948634505271912, -1.0, -7.642372956695453e-09, 7.511010124972017e-08, 0.0, -0.9948634505271912, -0.10122630000114441, -2.7229435443878174, -0.5600000023841858, 0.7770565748214722]}, "Camera0057": {"frame": 57, "pose": [-1.6292068494294654e-07, -0.12006070464849472, 0.9927665591239929, -1.0, 4.3755591150329565e-08, -1.588161353538453e-07, -2.4371509255161072e-08, -0.9927665591239929, -0.12006070464849472, -2.676335573196411, -0.5699999928474426, 0.8236644268035889]}, "Camera0058": {"frame": 58, "pose": [-4.0133926404450904e-07, -0.14268040657043457, 0.9897688031196594, -1.0, 2.12696875223628e-07, -3.748264987279981e-07, -1.5704033273777895e-07, -0.9897688031196594, -0.14268040657043457, -2.622020959854126, -0.5799999833106995, 0.8779789805412292]}, "Camera0059": {"frame": 59, "pose": [4.331257628109597e-07, -0.1683521270751953, 0.9857268929481506, -1.0, -4.4798090925723955e-07, 3.628867375482514e-07, 3.80494071805515e-07, -0.9857268929481506, -0.1683521270751953, -2.562373399734497, -0.5899999737739563, 0.9376264810562134]}, "Camera0060": {"frame": 60, "pose": [-1.6292068494294654e-07, -0.19611598551273346, 0.9805806875228882, -1.0, -1.3677755816843273e-07, -1.9350262903117255e-07, 1.720703863838935e-07, -0.9805806875228882, -0.19611598551273346, -2.5, -0.6000000238418579, 1.0]}, "Camera0061": {"frame": 61, "pose": [-4.371138828673793e-08, -0.2248004972934723, 0.9744048118591309, -1.0, -3.314209129356982e-09, -4.562418709497251e-08, 1.348572098436307e-08, -0.9744048118591309, -0.2248004972934723, -2.437626600265503, -0.6100000143051147, 1.0623735189437866]}, "Camera0062": {"frame": 62, "pose": [7.549790126404332e-08, -0.25306129455566406, 0.9674502611160278, -1.0, -1.0121742377577903e-07, 5.156201865474941e-08, 8.487447189509112e-08, -0.9674502611160278, -0.25306129455566406, -2.377979040145874, -0.6200000047683716, 1.122020959854126]}, "Camera0063": {"frame": 63, "pose": [-2.821299744937278e-07, -0.27946656942367554, 0.9601554274559021, -1.0, 2.0837119052430353e-07, -2.3318848718645313e-07, -1.349003468931187e-07, -0.9601554274559021, -0.27946656942367554, -2.323664426803589, -0.6299999952316284, 1.1763355731964111]}, "Camera0064": {"frame": 64, "pose": [7.549790126404332e-08, -0.3026052415370941, 0.9531159996986389, -1.0, -5.449906304022534e-09, 7.748136710006293e-08, -1.8251874678298918e-08, -0.9531159996986389, -0.3026052415370941, -2.2770564556121826, -0.6399999856948853, 1.2229434251785278]}, "Camera0065": {"frame": 65, "pose": [7.549790126404332e-08, -0.3211986720561981, 0.9470118284225464, -1.0, -1.8214267072380608e-07, 1.7944772778832885e-08, 1.66727431860636e-07, -0.9470118284225464, -0.3211986720561981, -2.240192413330078, -0.6499999761581421, 1.2598075866699219]}, "Camera0066": {"frame": 66, "pose": [7.549790126404332e-08, -0.3342062532901764, 0.9424999356269836, -1.0, -1.9519225702424592e-07, 1.0889576351758024e-08, 1.8032933724043687e-07, -0.9424999356269836, -0.3342062532901764, -2.2146830558776855, -0.6600000262260437, 1.2853169441223145]}, "Camera0067": {"frame": 67, "pose": [7.549790126404332e-08, -0.34089767932891846, 0.9401004314422607, -1.0, 1.975449492874759e-08, 8.747168322997823e-08, -4.839010259161114e-08, -0.9401004314422607, -0.34089767932891846, -2.201643466949463, -0.6700000166893005, 1.298356533050537]}, "Camera0068": {"frame": 68, "pose": [7.549790126404332e-08, -0.34089767932891846, 0.9401004314422607, -1.0, 1.975449492874759e-08, 8.747168322997823e-08, -4.839010259161114e-08, -0.9401004314422607, -0.34089767932891846, -2.201643466949463, -0.6800000071525574, 1.298356533050537]}, "Camera0069": {"frame": 69, "pose": [7.549790126404332e-08, -0.3342062532901764, 0.9424999356269836, -1.0, -1.9519225702424592e-07, 1.0889576351758024e-08, 1.8032933724043687e-07, -0.9424999356269836, -0.3342062532901764, -2.2146830558776855, -0.6899999976158142, 1.2853169441223145]}, "Camera0070": {"frame": 70, "pose": [7.549790126404332e-08, -0.3211986720561981, 0.9470118284225464, -1.0, -1.8214267072380608e-07, 1.7944772778832885e-08, 1.66727431860636e-07, -0.9470118284225464, -0.3211986720561981, -2.240192413330078, -0.699999988079071, 1.2598075866699219]}, "Camera0071": {"frame": 71, "pose": [7.549790126404332e-08, -0.3026052415370941, 0.9531159996986389, -1.0, -5.449906304022534e-09, 7.748136710006293e-08, -1.8251874678298918e-08, -0.9531159996986389, -0.3026052415370941, -2.2770564556121826, -0.7099999785423279, 1.2229434251785278]}, "Camera0072": {"frame": 72, "pose": [-2.821299744937278e-07, -0.27946656942367554, 0.9601554274559021, -1.0, 2.0837119052430353e-07, -2.3318848718645313e-07, -1.349003468931187e-07, -0.9601554274559021, -0.27946656942367554, -2.323664426803589, -0.7200000286102295, 1.1763355731964111]}, "Camera0073": {"frame": 73, "pose": [7.549790126404332e-08, -0.25306129455566406, 0.9674502611160278, -1.0, -1.0121742377577903e-07, 5.156201865474941e-08, 8.487447189509112e-08, -0.9674502611160278, -0.25306129455566406, -2.377979040145874, -0.7300000190734863, 1.122020959854126]}, "Camera0074": {"frame": 74, "pose": [-4.371138828673793e-08, -0.2248004972934723, 0.9744048118591309, -1.0, -3.314209129356982e-09, -4.562418709497251e-08, 1.348572098436307e-08, -0.9744048118591309, -0.2248004972934723, -2.437626600265503, -0.7400000095367432, 1.0623735189437866]}, "Camera0075": {"frame": 75, "pose": [-1.6292068494294654e-07, -0.19611598551273346, 0.9805806875228882, -1.0, -1.3677755816843273e-07, -1.9350262903117255e-07, 1.720703863838935e-07, -0.9805806875228882, -0.19611598551273346, -2.5, -0.75, 1.0]}, "Camera0076": {"frame": 76, "pose": [4.331257628109597e-07, -0.1683521270751953, 0.9857268929481506, -1.0, -4.4798090925723955e-07, 3.628867375482514e-07, 3.80494071805515e-07, -0.9857268929481506, -0.1683521270751953, -2.562373399734497, -0.7599999904632568, 0.9376264810562134]}, "Camera0077": {"frame": 77, "pose": [-4.0133926404450904e-07, -0.14268040657043457, 0.9897688031196594, -1.0, 2.12696875223628e-07, -3.748264987279981e-07, -1.5704033273777895e-07, -0.9897688031196594, -0.14268040657043457, -2.622020959854126, -0.7699999809265137, 0.8779789805412292]}, "Camera0078": {"frame": 78, "pose": [-1.6292068494294654e-07, -0.12006070464849472, 0.9927665591239929, -1.0, 4.3755591150329565e-08, -1.588161353538453e-07, -2.4371509255161072e-08, -0.9927665591239929, -0.12006070464849472, -2.676335573196411, -0.7799999713897705, 0.8236644268035889]}, "Camera0079": {"frame": 79, "pose": [7.549790126404332e-08, -0.10122630000114441, 0.9948634505271912, -1.0, -7.642372956695453e-09, 7.511010124972017e-08, 0.0, -0.9948634505271912, -0.10122630000114441, -2.7229435443878174, -0.7900000214576721, 0.7770565748214722]}, "Camera0080": {"frame": 80, "pose": [-4.371138828673793e-08, -0.08670440316200256, 0.9962340593338013, -1.0, 9.14879905167254e-08, -3.5914229812306075e-08, -8.802953033182348e-08, -0.9962340593338013, -0.08670440316200256, -2.759807586669922, -0.800000011920929, 0.7401923537254333]}, "Camera0081": {"frame": 81, "pose": [1.9470718370939721e-07, -0.07684879750013351, 0.9970427751541138, -1.0, -1.0392633420508446e-08, 1.944836611755818e-07, -4.5839354534393806e-09, -0.9970427751541138, -0.07684879750013351, -2.7853169441223145, -0.8100000023841858, 0.7146830558776855]}, "Camera0082": {"frame": 82, "pose": [7.549790126404332e-08, -0.0718715637922287, 0.9974138736724854, -1.0, -2.960730398626765e-07, 5.4359244217039304e-08, 2.914004824106087e-07, -0.9974138736724854, -0.0718715637922287, -2.798356533050537, -0.8199999928474426, 0.7016434073448181]}, "Camera0083": {"frame": 83, "pose": [7.549790126404332e-08, -0.0718715637922287, 0.9974138736724854, -1.0, -2.960730398626765e-07, 5.4359244217039304e-08, 2.914004824106087e-07, -0.9974138736724854, -0.0718715637922287, -2.798356533050537, -0.8299999833106995, 0.7016434073448181]}, "Camera0084": {"frame": 84, "pose": [1.9470718370939721e-07, -0.07684879750013351, 0.9970427751541138, -1.0, -1.0392633420508446e-08, 1.944836611755818e-07, -4.5839354534393806e-09, -0.9970427751541138, -0.07684879750013351, -2.7853169441223145, -0.8399999737739563, 0.7146830558776855]}, "Camera0085": {"frame": 85, "pose": [-4.371138828673793e-08, -0.08670440316200256, 0.9962340593338013, -1.0, 9.14879905167254e-08, -3.5914229812306075e-08, -8.802953033182348e-08, -0.9962340593338013, -0.08670440316200256, -2.759807586669922, -0.8500000238418579, 0.7401923537254333]}, "Camera0086": {"frame": 86, "pose": [7.549790126404332e-08, -0.10122630000114441, 0.9948634505271912, -1.0, -7.642372956695453e-09, 7.511010124972017e-08, 0.0, -0.9948634505271912, -0.10122630000114441, -2.7229435443878174, -0.8600000143051147, 0.7770565748214722]}, "Camera0087": {"frame": 87, "pose": [-1.6292068494294654e-07, -0.12006070464849472, 0.9927665591239929, -1.0, 4.3755591150329565e-08, -1.588161353538453e-07, -2.4371509255161072e-08, -0.9927665591239929, -0.12006070464849472, -2.676335573196411, -0.8700000047683716, 0.8236644268035889]}, "Camera0088": {"frame": 88, "pose": [-4.0133926404450904e-07, -0.14268040657043457, 0.9897688031196594, -1.0, 2.12696875223628e-07, -3.748264987279981e-07, -1.5704033273777895e-07, -0.9897688031196594, -0.14268040657043457, -2.622020959854126, -0.8799999952316284, 0.8779789805412292]}, "Camera0089": {"frame": 89, "pose": [4.331257628109597e-07, -0.1683521270751953, 0.9857268929481506, -1.0, -4.4798090925723955e-07, 3.628867375482514e-07, 3.80494071805515e-07, -0.9857268929481506, -0.1683521270751953, -2.562373399734497, -0.8899999856948853, 0.9376264810562134]}, "Camera0090": {"frame": 90, "pose": [-1.6292068494294654e-07, -0.19611598551273346, 0.9805806875228882, -1.0, -1.3677755816843273e-07, -1.9350262903117255e-07, 1.720703863838935e-07, -0.9805806875228882, -0.19611598551273346, -2.5, -0.8999999761581421, 1.0]}, "Camera0091": {"frame": 91, "pose": [-4.371138828673793e-08, -0.2248004972934723, 0.9744048118591309, -1.0, -3.314209129356982e-09, -4.562418709497251e-08, 1.348572098436307e-08, -0.9744048118591309, -0.2248004972934723, -2.437626600265503, -0.9100000262260437, 1.0623735189437866]}, "Camera0092": {"frame": 92, "pose": [7.549790126404332e-08, -0.25306129455566406, 0.9674502611160278, -1.0, -1.0121742377577903e-07, 5.156201865474941e-08, 8.487447189509112e-08, -0.9674502611160278, -0.25306129455566406, -2.377979040145874, -0.9200000166893005, 1.122020959854126]}, "Camera0093": {"frame": 93, "pose": [-2.821299744937278e-07, -0.27946656942367554, 0.9601554274559021, -1.0, 2.0837119052430353e-07, -2.3318848718645313e-07, -1.349003468931187e-07, -0.9601554274559021, -0.27946656942367554, -2.323664426803589, -0.9300000071525574, 1.1763355731964111]}, "Camera0094": {"frame": 94, "pose": [7.549790126404332e-08, -0.3026052415370941, 0.9531159996986389, -1.0, -5.449906304022534e-09, 7.748136710006293e-08, -1.8251874678298918e-08, -0.9531159996986389, -0.3026052415370941, -2.2770564556121826, -0.9399999976158142, 1.2229434251785278]}, "Camera0095": {"frame": 95, "pose": [7.549790126404332e-08, -0.3211986720561981, 0.9470118284225464, -1.0, -1.8214267072380608e-07, 1.7944772778832885e-08, 1.66727431860636e-07, -0.9470118284225464, -0.3211986720561981, -2.240192413330078, -0.949999988079071, 1.2598075866699219]}, "Camera0096": {"frame": 96, "pose": [7.549790126404332e-08, -0.3342062532901764, 0.9424999356269836, -1.0, -1.9519225702424592e-07, 1.0889576351758024e-08, 1.8032933724043687e-07, -0.9424999356269836, -0.3342062532901764, -2.2146830558776855, -0.9599999785423279, 1.2853169441223145]}, "Camera0097": {"frame": 97, "pose": [7.549790126404332e-08, -0.34089767932891846, 0.9401004314422607, -1.0, 1.975449492874759e-08, 8.747168322997823e-08, -4.839010259161114e-08, -0.9401004314422607, -0.34089767932891846, -2.201643466949463, -0.9700000286102295, 1.298356533050537]}, "Camera0098": {"frame": 98, "pose": [7.549790126404332e-08, -0.34089767932891846, 0.9401004314422607, -1.0, 1.975449492874759e-08, 8.747168322997823e-08, -4.839010259161114e-08, -0.9401004314422607, -0.34089767932891846, -2.201643466949463, -0.9800000190734863, 1.298356533050537]}, "Camera0099": {"frame": 99, "pose": [7.549790126404332e-08, -0.3342062532901764, 0.9424999356269836, -1.0, -1.9519225702424592e-07, 1.0889576351758024e-08, 1.8032933724043687e-07, -0.9424999356269836, -0.3342062532901764, -2.2146830558776855, -0.9900000095367432, 1.2853169441223145]}, "Camera0100": {"frame": 100, "pose": [7.549790126404332e-08, -0.3211986720561981, 0.9470118284225464, -1.0, -1.8214267072380608e-07, 1.7944772778832885e-08, 1.66727431860636e-07, -0.9470118284225464, -0.3211986720561981, -2.240192413330078, -1.0, 1.2598075866699219]}, "Camera0101": {"frame": 101, "pose": [7.549790126404332e-08, -0.3026052415370941, 0.9531159996986389, -1.0, -5.449906304022534e-09, 7.748136710006293e-08, -1.8251874678298918e-08, -0.9531159996986389, -0.3026052415370941, -2.2770564556121826, -1.0099999904632568, 1.2229434251785278]}, "Camera0102": {"frame": 102, "pose": [-2.821299744937278e-07, -0.27946656942367554, 0.9601554274559021, -1.0, 2.0837119052430353e-07, -2.3318848718645313e-07, -1.349003468931187e-07, -0.9601554274559021, -0.27946656942367554, -2.323664426803589, -1.0199999809265137, 1.1763355731964111]}, "Camera0103": {"frame": 103, "pose": [7.549790126404332e-08, -0.25306129455566406, 0.9674502611160278, -1.0, -1.0121742377577903e-07, 5.156201865474941e-08, 8.487447189509112e-08, -0.9674502611160278, -0.25306129455566406, -2.377979040145874, -1.0299999713897705, 1.122020959854126]}, "Camera0104": {"frame": 104, "pose": [-4.371138828673793e-08, -0.2248004972934723, 0.9744048118591309, -1.0, -3.314209129356982e-09, -4.562418709497251e-08, 1.348572098436307e-08, -0.9744048118591309, -0.2248004972934723, -2.437626600265503, -1.0399999618530273, 1.0623735189437866]}, "Camera0105": {"frame": 105, "pose": [-1.6292068494294654e-07, -0.19611598551273346, 0.9805806875228882, -1.0, -1.3677755816843273e-07, -1.9350262903117255e-07, 1.720703863838935e-07, -0.9805806875228882, -0.19611598551273346, -2.5, -1.0499999523162842, 1.0]}, "Camera0106": {"frame": 106, "pose": [4.331257628109597e-07, -0.1683521270751953, 0.9857268929481506, -1.0, -4.4798090925723955e-07, 3.628867375482514e-07, 3.80494071805515e-07, -0.9857268929481506, -0.1683521270751953, -2.562373399734497, -1.059999942779541, 0.9376264810562134]}, "Camera0107": {"frame": 107, "pose": [-4.0133926404450904e-07, -0.14268040657043457, 0.9897688031196594, -1.0, 2.12696875223628e-07, -3.748264987279981e-07, -1.5704033273777895e-07, -0.9897688031196594, -0.14268040657043457, -2.622020959854126, -1.0700000524520874, 0.8779789805412292]}, "Camera0108": {"frame": 108, "pose": [-1.6292068494294654e-07, -0.12006070464849472, 0.9927665591239929, -1.0, 4.3755591150329565e-08, -1.588161353538453e-07, -2.4371509255161072e-08, -0.9927665591239929, -0.12006070464849472, -2.676335573196411, -1.0800000429153442, 0.8236644268035889]}, "Camera0109": {"frame": 109, "pose": [7.549790126404332e-08, -0.10122630000114441, 0.9948634505271912, -1.0, -7.642372956695453e-09, 7.511010124972017e-08, 0.0, -0.9948634505271912, -0.10122630000114441, -2.7229435443878174, -1.090000033378601, 0.7770565748214722]}, "Camera0110": {"frame": 110, "pose": [-4.371138828673793e-08, -0.08670440316200256, 0.9962340593338013, -1.0, 9.14879905167254e-08, -3.5914229812306075e-08, -8.802953033182348e-08, -0.9962340593338013, -0.08670440316200256, -2.759807586669922, -1.100000023841858, 0.7401923537254333]}, "Camera0111": {"frame": 111, "pose": [1.9470718370939721e-07, -0.07684879750013351, 0.9970427751541138, -1.0, -1.0392633420508446e-08, 1.944836611755818e-07, -4.5839354534393806e-09, -0.9970427751541138, -0.07684879750013351, -2.7853169441223145, -1.1100000143051147, 0.7146830558776855]}, "Camera0112": {"frame": 112, "pose": [7.549790126404332e-08, -0.0718715637922287, 0.9974138736724854, -1.0, -2.960730398626765e-07, 5.4359244217039304e-08, 2.914004824106087e-07, -0.9974138736724854, -0.0718715637922287, -2.798356533050537, -1.1200000047683716, 0.7016434073448181]}, "Camera0113": {"frame": 113, "pose": [7.549790126404332e-08, -0.0718715637922287, 0.9974138736724854, -1.0, -2.960730398626765e-07, 5.4359244217039304e-08, 2.914004824106087e-07, -0.9974138736724854, -0.0718715637922287, -2.798356533050537, -1.1299999952316284, 0.7016434073448181]}, "Camera0114": {"frame": 114, "pose": [1.9470718370939721e-07, -0.07684879750013351, 0.9970427751541138, -1.0, -1.0392633420508446e-08, 1.944836611755818e-07, -4.5839354534393806e-09, -0.9970427751541138, -0.07684879750013351, -2.7853169441223145, -1.1399999856948853, 0.7146830558776855]}, "Camera0115": {"frame": 115, "pose": [-4.371138828673793e-08, -0.08670440316200256, 0.9962340593338013, -1.0, 9.14879905167254e-08, -3.5914229812306075e-08, -8.802953033182348e-08, -0.9962340593338013, -0.08670440316200256, -2.759807586669922, -1.149999976158142, 0.7401923537254333]}, "Camera0116": {"frame": 116, "pose": [7.549790126404332e-08, -0.10122630000114441, 0.9948634505271912, -1.0, -7.642372956695453e-09, 7.511010124972017e-08, 0.0, -0.9948634505271912, -0.10122630000114441, -2.7229435443878174, -1.159999966621399, 0.7770565748214722]}, "Camera0117": {"frame": 117, "pose": [-1.6292068494294654e-07, -0.12006070464849472, 0.9927665591239929, -1.0, 4.3755591150329565e-08, -1.588161353538453e-07, -2.4371509255161072e-08, -0.9927665591239929, -0.12006070464849472, -2.676335573196411, -1.1699999570846558, 0.8236644268035889]}, "Camera0118": {"frame": 118, "pose": [-4.0133926404450904e-07, -0.14268040657043457, 0.9897688031196594, -1.0, 2.12696875223628e-07, -3.748264987279981e-07, -1.5704033273777895e-07, -0.9897688031196594, -0.14268040657043457, -2.622020959854126, -1.1799999475479126, 0.8779789805412292]}, "Camera0119": {"frame": 119, "pose": [4.331257628109597e-07, -0.1683521270751953, 0.9857268929481506, -1.0, -4.4798090925723955e-07, 3.628867375482514e-07, 3.80494071805515e-07, -0.9857268929481506, -0.1683521270751953, -2.562373399734497, -1.190000057220459, 0.9376264810562134]}}, "environment": {"name": "cube_3", "width": 0.024, "resolution_x": 640, "resolution_y": 480, "lens": 0.035, "max_depth": 20.0, "min_depth": 1.0}}