{"cameras": {"Camera0000": {"frame": 0, "pose": [-0.22162050008773804, -0.3258945047855377, 0.9190632104873657, -0.9751330018043518, 0.07406647503376007, -0.20887747406959534, 2.4980255375339766e-07, -0.9425003528594971, -0.33420512080192566, -2.200000047683716, 0.0, 1.2999999523162842]}, "Camera0001": {"frame": 1, "pose": [-0.2434583306312561, -0.32240477204322815, 0.914758563041687, -0.9699113368988037, 0.08092692494392395, -0.22961443662643433, 1.9723464106391475e-07, -0.9431362748146057, -0.3324064016342163, -2.200411081314087, 0.07850393652915955, 1.299588918685913]}, "Camera0002": {"frame": 2, "pose": [-0.2647511065006256, -0.3183022141456604, 0.9102694988250732, -0.9643167853355408, 0.08738917112350464, -0.2499125450849533, 1.679666539189384e-08, -0.9439527988433838, -0.3300805389881134, -2.201643466949463, 0.15679270029067993, 1.298356533050537]}, "Camera0003": {"frame": 3, "pose": [-0.2853858172893524, -0.31364381313323975, 0.9056392908096313, -0.9584127068519592, 0.09339342266321182, -0.2696715295314789, 6.018645848371307e-08, -0.9449366331100464, -0.3272533714771271, -2.203693389892578, 0.23465169966220856, 1.2963064908981323]}, "Camera0004": {"frame": 4, "pose": [-0.3052618205547333, -0.30849236249923706, 0.9009149074554443, -0.9522684812545776, 0.09889126569032669, -0.2887997627258301, -9.339123607787769e-08, -0.9460723996162415, -0.3239552974700928, -2.2065556049346924, 0.31186753511428833, 1.293444275856018]}, "Camera0005": {"frame": 5, "pose": [-0.3242906332015991, -0.3029141426086426, 0.8961465358734131, -0.9459574818611145, 0.10384425520896912, -0.30721455812454224, -2.6635165184529797e-08, -0.9473433494567871, -0.32021963596343994, -2.2102222442626953, 0.38822856545448303, 1.2897777557373047]}, "Camera0006": {"frame": 6, "pose": [-0.3423991799354553, -0.2969755232334137, 0.8913856148719788, -0.9395545721054077, 0.10822608321905136, -0.3248450458049774, -1.4730103714555298e-07, -0.9487321376800537, -0.3160812258720398, -2.2146830558776855, 0.4635255038738251, 1.2853169441223145]}, "Camera0007": {"frame": 7, "pose": [-0.3595278859138489, -0.2907434403896332, 0.8866837024688721, -0.9331343173980713, 0.1120205745100975, -0.3416309356689453, 1.2999868204133236e-07, -0.9502208232879639, -0.3115772008895874, -2.219925880432129, 0.5375519394874573, 1.280074119567871]}, "Camera0008": {"frame": 8, "pose": [-0.3756287693977356, -0.28428229689598083, 0.8820921778678894, -0.9267702102661133, 0.1152220293879509, -0.3575204312801361, 2.770423179754289e-07, -0.9517917037010193, -0.30674508213996887, -2.2259364128112793, 0.6101049780845642, 1.2740635871887207]}, "Camera0009": {"frame": 9, "pose": [-0.39066675305366516, -0.27765265107154846, 0.8776608109474182, -0.9205321669578552, 0.1178334429860115, -0.37247252464294434, 1.8575799742848176e-07, -0.9534276723861694, -0.30162179470062256, -2.2326979637145996, 0.6809857487678528, 1.2673019170761108]}, "Camera0010": {"frame": 10, "pose": [-0.4046175479888916, -0.27091121673583984, 0.8734367489814758, -0.9144859910011292, 0.11986555904150009, -0.3864551782608032, 6.185657497326247e-08, -0.9551122188568115, -0.29624423384666443, -2.240192413330078, 0.75, 1.2598075866699219]}, "Camera0011": {"frame": 11, "pose": [-0.4174651503562927, -0.2641091048717499, 0.8694649338722229, -0.9086929559707642, 0.12133488059043884, -0.3994433581829071, 1.987732787256391e-07, -0.9568303227424622, -0.29064714908599854, -2.248398780822754, 0.8169585466384888, 1.251601219177246]}, "Camera0012": {"frame": 12, "pose": [-0.42920228838920593, -0.25729233026504517, 0.8657863736152649, -0.9032083749771118, 0.1222645565867424, -0.41141948103904724, 8.954985020181994e-08, -0.9585676789283752, -0.2848648130893707, -2.2572948932647705, 0.8816778659820557, 1.2427051067352295]}, "Camera0013": {"frame": 13, "pose": [-0.43982815742492676, -0.2505008578300476, 0.8624386787414551, -0.8980819582939148, 0.12268082797527313, -0.42237213253974915, -1.1221568740893417e-07, -0.960311770439148, -0.2789287865161896, -2.2668561935424805, 0.9439805746078491, 1.2331438064575195]}, "Camera0014": {"frame": 14, "pose": [-0.4493468701839447, -0.24376952648162842, 0.8594555258750916, -0.8933573961257935, 0.1226128339767456, -0.43229469656944275, -7.308447624865266e-09, -0.9620512127876282, -0.2728689908981323, -2.2770564556121826, 1.0036959648132324, 1.2229434251785278]}, "Camera0015": {"frame": 15, "pose": [-0.45776546001434326, -0.2371269166469574, 0.8568673133850098, -0.8890730142593384, 0.12209151685237885, -0.44118350744247437, 2.565614920513326e-07, -0.963776171207428, -0.2667124271392822, -2.287868022918701, 1.0606601238250732, 1.2121319770812988]}, "Camera0016": {"frame": 16, "pose": [-0.46509605646133423, -0.23059618473052979, 0.8546993732452393, -0.8852602243423462, 0.12114984542131424, -0.44904014468193054, 2.429442247375846e-07, -0.9654781818389893, -0.2604839503765106, -2.2992608547210693, 1.1147172451019287, 1.2007391452789307]}, "Camera0017": {"frame": 17, "pose": [-0.4713505804538727, -0.224197119474411, 0.8529737591743469, -0.8819459080696106, 0.11982061713933945, -0.45586663484573364, 1.4244631074689096e-07, -0.9671497941017151, -0.2542072534561157, -2.311203956604004, 1.165718913078308, 1.1887961626052856]}, "Camera0018": {"frame": 18, "pose": [-0.47654154896736145, -0.21794366836547852, 0.8517093062400818, -0.8791519403457642, 0.11813544481992722, -0.46166640520095825, 2.1989160359225934e-07, -0.9687851071357727, -0.247902050614357, -2.323664426803589, 1.2135255336761475, 1.1763355731964111]}, "Camera0019": {"frame": 19, "pose": [-0.4806826710700989, -0.21184594929218292, 0.8509203791618347, -0.8768945932388306, 0.11612647771835327, -0.4664444923400879, -2.2686243994485267e-09, -0.9703792929649353, -0.2415865659713745, -2.3366081714630127, 1.2580058574676514, 1.1633917093276978]}, "Camera0020": {"frame": 20, "pose": [-0.48378682136535645, -0.20591121912002563, 0.8506179451942444, -0.8751858472824097, 0.11382380872964859, -0.4702061414718628, 1.451452220635474e-07, -0.9719283580780029, -0.23527704179286957, -2.3499999046325684, 1.299038052558899, 1.149999976158142]}, "Camera0021": {"frame": 21, "pose": [-0.48586538434028625, -0.20014332234859467, 0.8508098721504211, -0.8740336298942566, 0.11125738173723221, -0.4729555547237396, 1.6811341652100964e-08, -0.9734292030334473, -0.22898811101913452, -2.363802909851074, 1.3365098237991333, 1.1361972093582153]}, "Camera0022": {"frame": 22, "pose": [-0.4869277775287628, -0.1945432722568512, 0.8515011668205261, -0.8734422326087952, 0.10845421254634857, -0.4746960699558258, 3.721778085719052e-08, -0.974879801273346, -0.22273167967796326, -2.377979040145874, 1.3703181743621826, 1.122020959854126]}, "Camera0023": {"frame": 23, "pose": [-0.4869823455810547, -0.1891104131937027, 0.8526930809020996, -0.8734118342399597, 0.10544116050004959, -0.47543030977249146, -1.2778254188106075e-07, -0.9762783646583557, -0.21651925146579742, -2.3924896717071533, 1.4003705978393555, 1.1075103282928467]}, "Camera0024": {"frame": 24, "pose": [-0.48603498935699463, -0.18384145200252533, 0.854384183883667, -0.8739393353462219, 0.10224198549985886, -0.47515955567359924, 8.349994118361792e-08, -0.9776241183280945, -0.21035945415496826, -2.407294988632202, 1.4265847206115723, 1.0927051305770874]}, "Camera0025": {"frame": 25, "pose": [-0.48408934473991394, -0.17873263359069824, 0.8565700054168701, -0.8750185966491699, 0.09888063371181488, -0.4738830327987671, 1.7664805795902794e-07, -0.978916347026825, -0.2042614370584488, -2.422354221343994, 1.4488887786865234, 1.0776456594467163]}, "Camera0026": {"frame": 26, "pose": [-0.4811471402645111, -0.17377817630767822, 0.8592430353164673, -0.8766398429870605, 0.09537859261035919, -0.47159889340400696, 2.0046203985657485e-07, -0.9801551103591919, -0.1982320100069046, -2.437626600265503, 1.4672213792800903, 1.0623735189437866]}, "Camera0027": {"frame": 27, "pose": [-0.4772075414657593, -0.16897107660770416, 0.8623930215835571, -0.8787906169891357, 0.09175599366426468, -0.46830320358276367, -3.439440376951097e-08, -0.9813407063484192, -0.19227685034275055, -2.4530696868896484, 1.4815324544906616, 1.0469303131103516]}, "Camera0028": {"frame": 28, "pose": [-0.4722675383090973, -0.16430485248565674, 0.8660064935684204, -0.8814552426338196, 0.08803185820579529, -0.46399033069610596, -3.002742232638411e-07, -0.9824735522270203, -0.18640196323394775, -2.468641519546509, 1.491782784461975, 1.0313584804534912]}, "Camera0029": {"frame": 29, "pose": [-0.4663218855857849, -0.1597720980644226, 0.8700671195983887, -0.8846151232719421, 0.08422305434942245, -0.4586530029773712, 2.397516141172673e-07, -0.9835544228553772, -0.18061186373233795, -2.4842991828918457, 1.4979443550109863, 1.0157008171081543]}, "Camera0030": {"frame": 30, "pose": [-0.4593638479709625, -0.15536439418792725, 0.8745551705360413, -0.8882482051849365, 0.08034734427928925, -0.45228248834609985, 4.0848601656762185e-07, -0.9845842719078064, -0.17491081357002258, -2.5, 1.5, 1.0]}, "Camera0031": {"frame": 31, "pose": [-0.4513855278491974, -0.15107394754886627, 0.8794474005699158, -0.8923290371894836, 0.07642108201980591, -0.4448693096637726, -1.607602229114491e-07, -0.9855640530586243, -0.1693030446767807, -2.5157008171081543, 1.4979443550109863, 0.9842992424964905]}, "Camera0032": {"frame": 32, "pose": [-0.442376971244812, -0.14689286053180695, 0.8847175240516663, -0.8968291878700256, 0.07245735824108124, -0.43640267848968506, 1.475666380201801e-07, -0.9864950180053711, -0.16379128396511078, -2.531358480453491, 1.491782784461975, 0.968641459941864]}, "Camera0033": {"frame": 33, "pose": [-0.4323281943798065, -0.14281412959098816, 0.8903350234031677, -0.9017163515090942, 0.06847202777862549, -0.42687147855758667, 2.2971738644628203e-07, -0.9873781800270081, -0.15838021039962769, -2.5469303131103516, 1.4815324544906616, 0.9530696868896484]}, "Camera0034": {"frame": 34, "pose": [-0.42122843861579895, -0.13882987201213837, 0.8962660431861877, -0.9069545865058899, 0.06447870284318924, -0.41626420617103577, -1.675539067491627e-07, -0.988214910030365, -0.15307265520095825, -2.562373399734497, 1.4672213792800903, 0.9376264810562134]}, "Camera0035": {"frame": 35, "pose": [-0.40906763076782227, -0.13493432104587555, 0.9024723768234253, -0.9125040769577026, 0.06048985570669174, -0.4045705199241638, 2.397179166280239e-08, -0.9890064001083374, -0.14787255227565765, -2.577645778656006, 1.4488887786865234, 0.9223542809486389]}, "Camera0036": {"frame": 36, "pose": [-0.3958360254764557, -0.1311209499835968, 0.9089120626449585, -0.9183211922645569, 0.05651869997382164, -0.391780287027359, 7.773977728220416e-08, -0.9897539615631104, -0.1427832841873169, -2.592705011367798, 1.4265847206115723, 0.9072949290275574]}, "Camera0037": {"frame": 37, "pose": [-0.38152679800987244, -0.12738503515720367, 0.9155383110046387, -0.9243577718734741, 0.052577707916498184, -0.3778865933418274, 1.88958892977098e-07, -0.9904587864875793, -0.1378091424703598, -2.6075103282928467, 1.4003705978393555, 0.8924896121025085]}, "Camera0038": {"frame": 38, "pose": [-0.3661343455314636, -0.12372255325317383, 0.9223005771636963, -0.9305620193481445, 0.048679206520318985, -0.36288386583328247, 5.857834750599977e-08, -0.9911221265792847, -0.1329546421766281, -2.622020959854126, 1.3703181743621826, 0.8779789805412292]}, "Camera0039": {"frame": 39, "pose": [-0.3496575355529785, -0.12013068795204163, 0.9291437864303589, -0.9368776082992554, 0.04483460262417793, -0.3467711806297302, 7.018835646022126e-08, -0.9917451739311218, -0.12822450697422028, -2.636197090148926, 1.3365098237991333, 0.8638028502464294]}, "Camera0040": {"frame": 40, "pose": [-0.3320978283882141, -0.11660752445459366, 0.9360094666481018, -0.9432449340820312, 0.04105491563677788, -0.3295504152774811, 2.6758038984553423e-07, -0.9923291802406311, -0.12362370640039444, -2.6500000953674316, 1.299038052558899, 0.8500000238418579]}, "Camera0041": {"frame": 41, "pose": [-0.3134641647338867, -0.11315304040908813, 0.9428343176841736, -0.9496000409126282, 0.03735191002488136, -0.3112308084964752, 5.177111717102889e-08, -0.9928752183914185, -0.11915861815214157, -2.6633918285369873, 1.2580058574676514, 0.8366082906723022]}, "Camera0042": {"frame": 42, "pose": [-0.2937697470188141, -0.10976748913526535, 0.9495527744293213, -0.9558762311935425, 0.03373482823371887, -0.29182636737823486, 4.8056939760954265e-08, -0.9933846592903137, -0.11483440548181534, -2.676335573196411, 1.2135255336761475, 0.8236644268035889]}, "Camera0043": {"frame": 43, "pose": [-0.2730357050895691, -0.10645484924316406, 0.9560956358909607, -0.9620038866996765, 0.03021380677819252, -0.271358847618103, 1.7679809616311104e-07, -0.9938583970069885, -0.11065942794084549, -2.688796043395996, 1.165718913078308, 0.8112038969993591]}, "Camera0044": {"frame": 44, "pose": [-0.2512911260128021, -0.10321769118309021, 0.962392270565033, -0.9679115414619446, 0.026797447353601456, -0.24985820055007935, 1.2957939077296032e-07, -0.9942977428436279, -0.1066395565867424, -2.7007391452789307, 1.1147172451019287, 0.7992607951164246]}, "Camera0045": {"frame": 45, "pose": [-0.22857379913330078, -0.10006270557641983, 0.9683704972267151, -0.9735265970230103, 0.023493528366088867, -0.2273632138967514, 1.3711856183817872e-07, -0.9947037100791931, -0.10278370976448059, -2.712131977081299, 1.0606601238250732, 0.7878679633140564]}, "Camera0046": {"frame": 46, "pose": [-0.20493096113204956, -0.09699593484401703, 0.9739584922790527, -0.9787764549255371, 0.020308369770646095, -0.20392221212387085, 1.166586400813685e-07, -0.9950775504112244, -0.09909915179014206, -2.7229435443878174, 1.0036959648132324, 0.7770565748214722]}, "Camera0047": {"frame": 47, "pose": [-0.18041931092739105, -0.09402630478143692, 0.9790852665901184, -0.983589768409729, 0.017247144132852554, -0.1795930564403534, 4.520897789461742e-08, -0.9954203367233276, -0.09559503197669983, -2.7331438064575195, 0.9439805746078491, 0.7668561935424805]}, "Camera0048": {"frame": 48, "pose": [-0.15510594844818115, -0.09116299450397491, 0.9836825728416443, -0.9878978133201599, 0.014313052408397198, -0.1544441431760788, 8.97927705523216e-08, -0.9957331418991089, -0.09227976202964783, -2.7427051067352295, 0.8816778659820557, 0.7572948932647705]}, "Camera0049": {"frame": 49, "pose": [-0.12906797230243683, -0.08841691166162491, 0.9876861572265625, -0.9916357398033142, 0.011508223600685596, -0.12855388224124908, -1.7610626912301086e-07, -0.9960170984268188, -0.08916271477937698, -2.751601219177246, 0.8169585466384888, 0.7483988404273987]}, "Camera0050": {"frame": 50, "pose": [-0.10239165276288986, -0.08579884469509125, 0.9910370707511902, -0.9947441816329956, 0.008831309154629707, -0.1020100861787796, 1.9305475973396824e-07, -0.9962733387947083, -0.08625215291976929, -2.759807586669922, 0.75, 0.7401923537254333]}, "Camera0051": {"frame": 51, "pose": [-0.07517289370298386, -0.0833207368850708, 0.993683397769928, -0.9971705079078674, 0.006281484849750996, -0.0749099925160408, -2.512232128992764e-07, -0.9965029954910278, -0.08355718106031418, -2.7673020362854004, 0.6809857487678528, 0.7326980233192444]}, "Camera0052": {"frame": 52, "pose": [-0.04751482605934143, -0.08099433779716492, 0.9955813884735107, -0.9988705515861511, 0.003852799767628312, -0.04735836386680603, -1.6274888992029446e-08, -0.9967071413993835, -0.0810859277844429, -2.7740635871887207, 0.6101049780845642, 0.7259363532066345]}, "Camera0053": {"frame": 53, "pose": [-0.019527072086930275, -0.07883135229349136, 0.9966967105865479, -0.9998093247413635, 0.0015396063681691885, -0.019466282799839973, 3.2829547080837074e-08, -0.9968867897987366, -0.07884638011455536, -2.780074119567871, 0.5375519394874573, 0.7199258804321289]}, "Camera0054": {"frame": 54, "pose": [0.008674707263708115, -0.07684281468391418, 0.9970054626464844, -0.9999623894691467, -0.0006661898223683238, 0.008649089373648167, -4.254667373970733e-07, -0.9970430135726929, -0.07684570550918579, -2.7853169441223145, 0.4635255038738251, 0.7146830558776855]}, "Camera0055": {"frame": 55, "pose": [0.03697263449430466, -0.0750390961766243, 0.9964949488639832, -0.9993162751197815, -0.0027761373203247786, 0.03686826303601265, -1.5412564380312688e-07, -0.9971767067909241, -0.0750904306769371, -2.7897777557373047, 0.38822856545448303, 0.7102222442626953]}, "Camera0056": {"frame": 56, "pose": [0.06524736434221268, -0.07342848926782608, 0.9951637983322144, -0.9978691339492798, -0.004801298025995493, 0.06507046520709991, 5.2052509857958285e-08, -0.9972889423370361, -0.07358529418706894, -2.7934443950653076, 0.31186753511428833, 0.7065557241439819]}, "Camera0057": {"frame": 57, "pose": [0.09338018298149109, -0.07201933860778809, 0.9930223226547241, -0.9956305027008057, -0.00675452733412385, 0.09313557296991348, -1.6534472990770155e-07, -0.9973803758621216, -0.072335384786129, -2.796306610107422, 0.23465169966220856, 0.7036935091018677]}, "Camera0058": {"frame": 58, "pose": [0.12125474214553833, -0.07081734389066696, 0.9900920391082764, -0.9926214218139648, -0.008650705218315125, 0.1209457665681839, -6.372266625476186e-08, -0.9974517822265625, -0.07134374976158142, -2.798356533050537, 0.15679270029067993, 0.7016434073448181]}, "Camera0059": {"frame": 59, "pose": [0.14876003563404083, -0.06982704252004623, 0.9864048957824707, -0.988873302936554, -0.010504188016057014, 0.14838871359825134, -1.6218302789638983e-07, -0.9975038170814514, -0.07061269879341125, -2.799588918685913, 0.07850393652915955, 0.7004111409187317]}, "Camera0060": {"frame": 60, "pose": [0.1757906675338745, -0.06905078142881393, 0.982002854347229, -0.9844275712966919, -0.012330690398812294, 0.17535768449306488, 1.8887311625803704e-07, -0.9975369572639465, -0.07014311105012894, -2.799999952316284, 1.8369701465288538e-16, 0.699999988079071]}, "Camera0061": {"frame": 61, "pose": [0.20224881172180176, -0.06848970055580139, 0.9769363403320312, -0.9793341755867004, -0.0141444755718112, 0.20175360143184662, 2.0808177225717372e-07, -0.9975515604019165, -0.06993500888347626, -2.799588918685913, -0.07850393652915955, 0.7004111409187317]}, "Camera0062": {"frame": 62, "pose": [0.22804516553878784, -0.06814289093017578, 0.97126305103302, -0.9736505746841431, -0.015960054472088814, 0.22748598456382751, -1.4180970708821405e-07, -0.9975479245185852, -0.0699869766831398, -2.798356533050537, -0.15679270029067993, 0.7016434073448181]}, "Camera0063": {"frame": 63, "pose": [0.2531014382839203, -0.06800873577594757, 0.9650463461875916, -0.9674397706985474, -0.017792651429772377, 0.2524752616882324, 2.115062898155884e-07, -0.9975260496139526, -0.07029770314693451, -2.796306610107422, -0.23465169966220856, 0.7036935091018677]}, "Camera0064": {"frame": 64, "pose": [0.2773471176624298, -0.06808357685804367, 0.9583544135093689, -0.960769772529602, -0.019653495401144028, 0.2766498923301697, -2.998045545155037e-07, -0.9974859952926636, -0.07086348533630371, -2.7934443950653076, -0.31186753511428833, 0.7065557241439819]}, "Camera0065": {"frame": 65, "pose": [0.30072423815727234, -0.06836339086294174, 0.9512577652931213, -0.9537111520767212, -0.02155672013759613, 0.29995059967041016, 3.552096643488767e-07, -0.9974275827407837, -0.07168155908584595, -2.7897777557373047, -0.38822856545448303, 0.7102222442626953]}, "Camera0066": {"frame": 66, "pose": [0.3231832981109619, -0.06884324550628662, 0.9438289999961853, -0.9463363885879517, -0.023510657250881195, 0.32232701778411865, 1.5790673213444961e-09, -0.9973503947257996, -0.0727471262216568, -2.7853169441223145, -0.4635255038738251, 0.7146830558776855]}, "Camera0067": {"frame": 67, "pose": [0.34468507766723633, -0.06951761245727539, 0.936140775680542, -0.9387183785438538, -0.025525836274027824, 0.3437386155128479, -1.1206670791352735e-07, -0.9972540736198425, -0.07405583560466766, -2.780074119567871, -0.5375519394874573, 0.7199258804321289]}, "Camera0068": {"frame": 68, "pose": [0.36519938707351685, -0.07038138061761856, 0.9282649755477905, -0.9309293031692505, -0.027610287070274353, 0.3641541600227356, -1.1224820184452255e-08, -0.9971379637718201, -0.07560335099697113, -2.7740635871887207, -0.6101049780845642, 0.7259363532066345]}, "Camera0069": {"frame": 69, "pose": [0.3847043812274933, -0.07142864167690277, 0.9202719926834106, -0.9230398535728455, -0.029770271852612495, 0.383550763130188, 2.3814064320504258e-07, -0.9970013499259949, -0.07738423347473145, -2.7673020362854004, -0.6809857487678528, 0.7326980233192444]}, "Camera0070": {"frame": 70, "pose": [0.4031859338283539, -0.07265426963567734, 0.9122294187545776, -0.9151180982589722, -0.03201012313365936, 0.40191322565078735, -1.3773549767392979e-07, -0.9968433976173401, -0.07939326763153076, -2.759807586669922, -0.75, 0.7401923537254333]}, "Camera0071": {"frame": 71, "pose": [0.42063620686531067, -0.07405347377061844, 0.9042019844055176, -0.9072294235229492, -0.03433476760983467, 0.419232577085495, -6.382378359148788e-08, -0.9966630339622498, -0.08162593841552734, -2.751601219177246, -0.8169585466384888, 0.7483988404273987]}, "Camera0072": {"frame": 72, "pose": [0.4370534420013428, -0.07562237232923508, 0.89625084400177, -0.8994355201721191, -0.03674641624093056, 0.4355059266090393, 1.1418407552810095e-08, -0.9964591860771179, -0.08407759666442871, -2.7427051067352295, -0.8816778659820557, 0.7572948932647705]}, "Camera0073": {"frame": 73, "pose": [0.4524398148059845, -0.07735806703567505, 0.8884333968162537, -0.8917949199676514, -0.039246443659067154, 0.450734406709671, -9.131105116466642e-08, -0.9962306022644043, -0.08674418926239014, -2.7331438064575195, -0.9439805746078491, 0.7668561935424805]}, "Camera0074": {"frame": 74, "pose": [0.46680113673210144, -0.07925723493099213, 0.8808035850524902, -0.8843623399734497, -0.04183508828282356, 0.464922696352005, 8.60953974779477e-09, -0.9959759712219238, -0.08962077647447586, -2.7229435443878174, -1.0036959648132324, 0.7770565748214722]}, "Camera0075": {"frame": 75, "pose": [0.4801465570926666, -0.08131931722164154, 0.8734108209609985, -0.8771882653236389, -0.044511646032333374, 0.4780789017677307, -9.524963928697616e-08, -0.9956936836242676, -0.09270446747541428, -2.712131977081299, -1.0606601238250732, 0.7878679633140564]}, "Camera0076": {"frame": 76, "pose": [0.4924865663051605, -0.08354396373033524, 0.8663010001182556, -0.8703200221061707, -0.047275036573410034, 0.4902122914791107, 1.3291806055804045e-07, -0.9953820705413818, -0.0959923043847084, -2.7007391452789307, -1.1147172451019287, 0.7992607951164246]}, "Camera0077": {"frame": 77, "pose": [0.5038325190544128, -0.08593195676803589, 0.859516441822052, -0.8638013601303101, -0.050121743232011795, 0.5013332366943359, -8.784802929540092e-08, -0.9950394630432129, -0.09948110580444336, -2.688796043395996, -1.165718913078308, 0.8112038969993591]}, "Camera0078": {"frame": 78, "pose": [0.5141965746879578, -0.08848559856414795, 0.8530956506729126, -0.857672393321991, -0.05304932966828346, 0.5114526748657227, -4.542432918697159e-08, -0.9946637749671936, -0.10316943377256393, -2.676335573196411, -1.2135255336761475, 0.8236644268035889]}, "Camera0079": {"frame": 79, "pose": [0.5235897302627563, -0.09120874851942062, 0.8470742106437683, -0.8519705533981323, -0.056053221225738525, 0.5205806493759155, -2.725604417719296e-07, -0.9942529797554016, -0.10705605894327164, -2.6633918285369873, -1.2580058574676514, 0.8366082906723022]}, "Camera0080": {"frame": 80, "pose": [0.5320224165916443, -0.09410517662763596, 0.8414846062660217, -0.8467302322387695, -0.05912867933511734, 0.5287264585494995, -2.4304174672806766e-08, -0.9938048124313354, -0.11113948374986649, -2.6500000953674316, -1.299038052558899, 0.8500000238418579]}, "Camera0081": {"frame": 81, "pose": [0.5395030975341797, -0.0971812903881073, 0.836356520652771, -0.8419836163520813, -0.062269456684589386, 0.5358974933624268, 2.565421368672105e-07, -0.9933168292045593, -0.11541961878538132, -2.636197090148926, -1.3365098237991333, 0.8638028502464294]}, "Camera0082": {"frame": 82, "pose": [0.5460380911827087, -0.10044469684362411, 0.8317170739173889, -0.837760329246521, -0.06546834111213684, 0.542099118232727, 1.5269115749561024e-07, -0.9927863478660583, -0.119896799325943, -2.622020959854126, -1.3703181743621826, 0.8779789805412292]}, "Camera0083": {"frame": 83, "pose": [0.5516307353973389, -0.103903628885746, 0.8275914192199707, -0.8340884447097778, -0.06871737539768219, 0.5473338961601257, -6.283004694296324e-08, -0.9922106266021729, -0.12457143515348434, -2.6075103282928467, -1.4003705978393555, 0.8924896121025085]}, "Camera0084": {"frame": 84, "pose": [0.5562813878059387, -0.10756777226924896, 0.8240025639533997, -0.8309940099716187, -0.07200752198696136, 0.5516011714935303, -1.3090405559523788e-07, -0.9915866255760193, -0.12944461405277252, -2.592705011367798, -1.4265847206115723, 0.9072949290275574]}, "Camera0085": {"frame": 85, "pose": [0.5599872469902039, -0.11144841462373734, 0.8209710717201233, -0.8285012245178223, -0.07532817125320435, 0.554897665977478, -2.170649935351321e-07, -0.9909111261367798, -0.13451796770095825, -2.577645778656006, -1.4488887786865234, 0.9223542809486389]}, "Camera0086": {"frame": 86, "pose": [0.5627409219741821, -0.11555841565132141, 0.8185163140296936, -0.8266333341598511, -0.0786677673459053, 0.55721515417099, -4.89831251115902e-08, -0.9901806116104126, -0.1397940069437027, -2.562373399734497, -1.4672213792800903, 0.9376264810562134]}, "Camera0087": {"frame": 87, "pose": [0.5645298361778259, -0.119910828769207, 0.816656231880188, -0.8254126310348511, -0.0820114016532898, 0.5585409998893738, 7.389921563571988e-09, -0.9893915057182312, -0.14527378976345062, -2.5469303131103516, -1.4815324544906616, 0.9530696868896484]}, "Camera0088": {"frame": 88, "pose": [0.5653373599052429, -0.1245206743478775, 0.8154067993164062, -0.8248597979545593, -0.08534306287765503, 0.5588585734367371, -1.2833596940708958e-07, -0.9885399341583252, -0.15095971524715424, -2.531358480453491, -1.491782784461975, 0.968641459941864]}, "Camera0089": {"frame": 89, "pose": [0.5651416182518005, -0.12940382957458496, 0.814781904220581, -0.824993908405304, -0.08864478021860123, 0.5581461787223816, -8.507164039883719e-08, -0.9876217842102051, -0.15685422718524933, -2.5157008171081543, -1.4979443550109863, 0.9842992424964905]}, "Camera0090": {"frame": 90, "pose": [0.5639140605926514, -0.1345767378807068, 0.8147944808006287, -0.8258334994316101, -0.09189455956220627, 0.5563762187957764, -1.1708639391372344e-07, -0.9866328835487366, -0.16295862197875977, -2.5, -1.5, 1.0]}, "Camera0091": {"frame": 91, "pose": [0.5616210699081421, -0.14005742967128754, 0.8154543042182922, -0.8273946046829224, -0.09506866335868835, 0.553516149520874, 9.986709414988582e-08, -0.9855688214302063, -0.16927531361579895, -2.4842991828918457, -1.4979443550109863, 1.0157008171081543]}, "Camera0092": {"frame": 92, "pose": [0.5582208633422852, -0.14586351811885834, 0.8167700171470642, -0.8296923637390137, -0.09813778847455978, 0.5495266318321228, 1.1845302338997499e-07, -0.9844251275062561, -0.17580440640449524, -2.468641519546509, -1.491782784461975, 1.0313584804534912]}, "Camera0093": {"frame": 93, "pose": [0.553665816783905, -0.1520129293203354, 0.8187467455863953, -0.8327389359474182, -0.10106919705867767, 0.5443627834320068, -1.0910783032613836e-07, -0.9831973910331726, -0.18254564702510834, -2.4530696868896484, -1.4815324544906616, 1.0469303131103516]}, "Camera0094": {"frame": 94, "pose": [0.5479002594947815, -0.15852336585521698, 0.821386456489563, -0.8365436792373657, -0.10382604598999023, 0.5379728674888611, 3.0212916612981644e-08, -0.9818810820579529, -0.18949803709983826, -2.437626600265503, -1.4672213792800903, 1.0623735189437866]}, "Camera0095": {"frame": 95, "pose": [0.5408611297607422, -0.16541175544261932, 0.8246867060661316, -0.8411118984222412, -0.10636471956968307, 0.5302992463111877, -1.540606007210954e-07, -0.9804720878601074, -0.19665834307670593, -2.422354221343994, -1.4488887786865234, 1.0776456594467163]}, "Camera0096": {"frame": 96, "pose": [0.532477080821991, -0.17269262671470642, 0.8286406993865967, -0.8464444279670715, -0.108636274933815, 0.5212773084640503, -3.069997944749048e-07, -0.9789665341377258, -0.20402103662490845, -2.407294988632202, -1.4265847206115723, 1.0927051305770874]}, "Camera0097": {"frame": 97, "pose": [0.5226688385009766, -0.18037806451320648, 0.8332352638244629, -0.8525357842445374, -0.11058565229177475, 0.510836124420166, 2.2967049062572187e-07, -0.9773610234260559, -0.21157844364643097, -2.3924896717071533, -1.4003705978393555, 1.1075103282928467]}, "Camera0098": {"frame": 98, "pose": [0.5113485455513, -0.18847602605819702, 0.8384506106376648, -0.8593734502792358, -0.11214781552553177, 0.4988989531993866, -8.629903902601654e-08, -0.9756534695625305, -0.21931791305541992, -2.377979040145874, -1.3703181743621826, 1.122020959854126]}, "Camera0099": {"frame": 99, "pose": [0.49842166900634766, -0.19698867201805115, 0.8442578315734863, -0.8669347167015076, -0.11325336992740631, 0.4853841960430145, -1.4043155260878848e-07, -0.973842442035675, -0.22722424566745758, -2.363802909851074, -1.3365098237991333, 1.1361972093582153]}, "Camera0100": {"frame": 100, "pose": [0.4837871491909027, -0.20591138303279877, 0.8506177067756653, -0.8751856684684753, -0.11382421106100082, 0.4702064096927643, 3.528334602265204e-08, -0.9719282388687134, -0.23527738451957703, -2.3499999046325684, -1.299038052558899, 1.149999976158142]}, "Camera0101": {"frame": 101, "pose": [0.46733713150024414, -0.21522842347621918, 0.8574804663658142, -0.8840791583061218, -0.11377281695604324, 0.453276664018631, -5.592248442098935e-08, -0.96991366147995, -0.24344922602176666, -2.3366081714630127, -1.2580058574676514, 1.1633917093276978]}, "Camera0102": {"frame": 102, "pose": [0.4489612281322479, -0.2249131202697754, 0.8647819757461548, -0.893551230430603, -0.11300655454397202, 0.43450626730918884, -1.2676237304276583e-07, -0.9678034782409668, -0.25170695781707764, -2.323664426803589, -1.2135255336761475, 1.1763355731964111]}, "Camera0103": {"frame": 103, "pose": [0.4285489618778229, -0.23492354154586792, 0.8724429607391357, -0.903518557548523, -0.11142703890800476, 0.4138094186782837, 1.6095771115942625e-07, -0.9656059741973877, -0.2600097358226776, -2.311203956604004, -1.165718913078308, 1.1887961626052856]}, "Camera0104": {"frame": 104, "pose": [0.405992329120636, -0.24519950151443481, 0.8803677558898926, -0.913876473903656, -0.10893040150403976, 0.3911060690879822, -1.9539119477940403e-07, -0.9633334875106812, -0.2683069705963135, -2.2992608547210693, -1.1147172451019287, 1.2007391452789307]}, "Camera0105": {"frame": 105, "pose": [0.38119181990623474, -0.2556605041027069, 0.8884427547454834, -0.9244959950447083, -0.10541483759880066, 0.366326242685318, -9.460362093705044e-08, -0.9610022902488708, -0.2765403687953949, -2.287868022918701, -1.0606601238250732, 1.2121319770812988]}, "Camera0106": {"frame": 106, "pose": [0.35406243801116943, -0.2662026286125183, 0.8965355157852173, -0.935221791267395, -0.1007804200053215, 0.3394164443016052, -3.243700348320999e-07, -0.9586341381072998, -0.2846410870552063, -2.2770564556121826, -1.0036959648132324, 1.2229434251785278]}, "Camera0107": {"frame": 107, "pose": [0.32454031705856323, -0.27669644355773926, 0.9044957756996155, -0.9458718299865723, -0.09493795037269592, 0.3103436827659607, -1.450245967760111e-08, -0.9562561511993408, -0.2925305664539337, -2.2668561935424805, -0.9439805746078491, 1.2331438064575195]}, "Camera0108": {"frame": 108, "pose": [0.2925927937030792, -0.2869873344898224, 0.9121555685997009, -0.9562371373176575, -0.0878133699297905, 0.2791045606136322, -1.9499548642443187e-08, -0.9539009928703308, -0.3001214861869812, -2.2572948932647705, -0.8816778659820557, 1.2427051067352295]}, "Camera0109": {"frame": 109, "pose": [0.258224755525589, -0.29689469933509827, 0.9193331599235535, -0.966084897518158, -0.07935702055692673, 0.24572846293449402, 6.269429064786891e-08, -0.9516070485115051, -0.30731743574142456, -2.248398780822754, -0.8169585466384888, 1.251601219177246]}, "Camera0110": {"frame": 110, "pose": [0.22149021923542023, -0.3062170147895813, 0.9258365035057068, -0.9751625657081604, -0.06955146044492722, 0.21028673648834229, -9.505615139460133e-08, -0.9494175910949707, -0.31401634216308594, -2.240192413330078, -0.75, 1.2598075866699219]}, "Camera0111": {"frame": 111, "pose": [0.18250134587287903, -0.314737468957901, 0.9314684867858887, -0.9832056164741516, -0.0584210567176342, 0.17289800941944122, -1.1098170205059432e-07, -0.9473791718482971, -0.32011356949806213, -2.2326979637145996, -0.6809857487678528, 1.2673019170761108]}, "Camera0112": {"frame": 112, "pose": [0.14143243432044983, -0.32223212718963623, 0.9360359907150269, -0.9899479150772095, -0.04603688418865204, 0.13373009860515594, 4.803622388749318e-08, -0.9455406069755554, -0.3255041241645813, -2.2259364128112793, -0.6101049780845642, 1.2740635871887207]}, "Camera0113": {"frame": 113, "pose": [0.09852500259876251, -0.3284808397293091, 0.9393578171730042, -0.9951345920562744, -0.03252177685499191, 0.09300274401903152, -3.076109678090688e-08, -0.9439505934715271, -0.3300868570804596, -2.219925880432129, -0.5375519394874573, 1.280074119567871]}, "Camera0114": {"frame": 114, "pose": [0.054086342453956604, -0.3332831859588623, 0.941274106502533, -0.9985362887382507, -0.018052369356155396, 0.05098474770784378, -1.3079150562589348e-07, -0.9426539540290833, -0.3337717354297638, -2.2146830558776855, -0.4635255038738251, 1.2853169441223145]}, "Camera0115": {"frame": 115, "pose": [0.00848517194390297, -0.33646947145462036, 0.9416561722755432, -0.9999639987945557, -0.002855099970474839, 0.007990403100848198, -4.185608304396737e-09, -0.9416900277137756, -0.33648157119750977, -2.2102222442626953, -0.38822856545448303, 1.2897777557373047]}, "Camera0116": {"frame": 116, "pose": [-0.03786175698041916, -0.33791640400886536, 0.9404142498970032, -0.9992830157279968, 0.012803169898688793, -0.03563132509589195, 1.2567528528961702e-07, -0.9410890340805054, -0.33815884590148926, -2.2065556049346924, -0.31186753511428833, 1.293444275856018]}, "Camera0117": {"frame": 117, "pose": [-0.0845041275024414, -0.3375563323497772, 0.9375045299530029, -0.9964231252670288, 0.028627337887883186, -0.07950737327337265, -4.1381596815881494e-08, -0.940869927406311, -0.3387680649757385, -2.203693389892578, -0.23465169966220856, 1.2963064908981323]}, "Camera0118": {"frame": 118, "pose": [-0.13097767531871796, -0.3353840410709381, 0.9329321384429932, -0.9913853406906128, 0.044309765100479126, -0.12325500696897507, -2.402822758540424e-07, -0.9410389065742493, -0.33829841017723083, -2.201643466949463, -0.15679270029067993, 1.298356533050537]}, "Camera0119": {"frame": 119, "pose": [-0.17682617902755737, -0.33145761489868164, 0.9267514944076538, -0.9842420816421509, 0.05954897031188011, -0.16649751365184784, -2.3284442818294337e-07, -0.9415889382362366, -0.3367643356323242, -2.200411081314087, -0.07850393652915955, 1.299588918685913]}}, "environment": {"name": "bunny_scene", "width": 0.024, "resolution_x": 640, "resolution_y": 480, "lens": 0.035, "max_depth": 20.0, "min_depth": 1.0}}