{"cameras": {"Camera0000": {"frame": 0, "pose": [-1.6292068494294654e-07, -0.19611598551273346, 0.9805806875228882, -1.0, -1.3677755816843273e-07, -1.9350262903117255e-07, 1.720703863838935e-07, -0.9805806875228882, -0.19611598551273346, -2.5, -0.0, 1.0]}, "Camera0001": {"frame": 1, "pose": [0.011764856055378914, -0.2244923710823059, 0.9744048118591309, -0.9986295700073242, -0.05233584716916084, -2.7222293397244357e-07, 0.050996363162994385, -0.973069429397583, -0.22480043768882751, -2.437626600265503, -0.009999999776482582, 1.0623735189437866]}, "Camera0002": {"frame": 2, "pose": [0.02645217813551426, -0.25167492032051086, 0.9674502611160278, -0.9945218563079834, -0.10452867299318314, 2.6056106605665263e-08, 0.1011262834072113, -0.9621504545211792, -0.2530612349510193, -2.377979040145874, -0.019999999552965164, 1.122020959854126]}, "Camera0003": {"frame": 3, "pose": [0.043717917054891586, -0.27602583169937134, 0.9601554274559021, -0.9876883625984192, -0.15643422305583954, -2.1600273214517074e-07, 0.1502012312412262, -0.9483343958854675, -0.2794664800167084, -2.323664426803589, -0.029999999329447746, 1.1763355731964111]}, "Camera0004": {"frame": 4, "pose": [0.06291522830724716, -0.2959924340248108, 0.9531159996986389, -0.9781476259231567, -0.2079116702079773, 1.0056831456495274e-07, 0.19816391170024872, -0.9322881698608398, -0.3026050925254822, -2.2770564556121826, -0.03999999910593033, 1.2229434251785278]}, "Camera0005": {"frame": 5, "pose": [0.08313237875699997, -0.3102540671825409, 0.9470118284225464, -0.9659258127212524, -0.2588191330432892, 1.857047315922955e-08, 0.24510478973388672, -0.914743185043335, -0.32119864225387573, -2.240192413330078, -0.05000000074505806, 1.2598075866699219]}, "Camera0006": {"frame": 6, "pose": [0.10327556729316711, -0.31784918904304504, 0.9424998760223389, -0.9510564804077148, -0.3090171217918396, 5.5290410472252915e-08, 0.2912485897541046, -0.8963706493377686, -0.3342064619064331, -2.2146830558776855, -0.05999999865889549, 1.2853169441223145]}, "Camera0007": {"frame": 7, "pose": [0.1221669465303421, -0.31825533509254456, 0.9401004314422607, -0.9335803985595703, -0.35836806893348694, 1.1295390578425213e-07, 0.3369019329547882, -0.8776593208312988, -0.34089767932891846, -2.201643466949463, -0.07000000029802322, 1.298356533050537]}, "Camera0008": {"frame": 8, "pose": [0.13865557312965393, -0.3114255666732788, 0.940100371837616, -0.9135454297065735, -0.4067366421222687, -1.1341929173624976e-08, 0.38237327337265015, -0.8588244318962097, -0.34089770913124084, -2.201643466949463, -0.07999999821186066, 1.298356533050537]}, "Camera0009": {"frame": 9, "pose": [0.15172667801380157, -0.29778000712394714, 0.9424999356269836, -0.8910064101219177, -0.4539906680583954, 1.0322202115276014e-07, 0.42788615822792053, -0.8397734761238098, -0.33420640230178833, -2.2146830558776855, -0.09000000357627869, 1.2853169441223145]}, "Camera0010": {"frame": 10, "pose": [0.16059967875480652, -0.27816617488861084, 0.9470117688179016, -0.8660252094268799, -0.5000003576278687, 1.9119291039260133e-07, 0.4735061824321747, -0.8201360702514648, -0.32119882106781006, -2.240192413330078, -0.10000000149011612, 1.2598075866699219]}, "Camera0011": {"frame": 11, "pose": [0.16481034457683563, -0.2537858188152313, 0.9531161189079285, -0.838670551776886, -0.5446390509605408, -7.531187407039397e-08, 0.5191042423248291, -0.7993504405021667, -0.3026048243045807, -2.2770564556121826, -0.10999999940395355, 1.2229434251785278]}, "Camera0012": {"frame": 12, "pose": [0.16426630318164825, -0.22609329223632812, 0.9601554274559021, -0.8090171217918396, -0.5877851247787476, -2.610071803132996e-08, 0.564365029335022, -0.7767821550369263, -0.2794666290283203, -2.323664426803589, -0.11999999731779099, 1.1763355731964111]}, "Camera0013": {"frame": 13, "pose": [0.15925641357898712, -0.19666557013988495, 0.9674502611160278, -0.7771459817886353, -0.6293203830718994, -1.8423257586164254e-07, 0.6088362336158752, -0.7518500685691833, -0.2530611455440521, -2.377979040145874, -0.12999999523162842, 1.122020959854126]}, "Camera0014": {"frame": 14, "pose": [0.15042050182819366, -0.16705933213233948, 0.9744048714637756, -0.7431449890136719, -0.6691304445266724, -2.575856683506572e-07, 0.6520040035247803, -0.724124014377594, -0.224800243973732, -2.437626600265503, -0.14000000059604645, 1.0623735189437866]}, "Camera0015": {"frame": 15, "pose": [0.13867494463920593, -0.13867512345314026, 0.9805806875228882, -0.7071066498756409, -0.70710688829422, -1.7260148865716474e-07, 0.6933754086494446, -0.6933751106262207, -0.1961161196231842, -2.5, -0.15000000596046448, 1.0]}, "Camera0016": {"frame": 16, "pose": [0.12511000037193298, -0.11264916509389877, 0.9857269525527954, -0.6691303253173828, -0.7431451082229614, 2.2307527558496076e-07, 0.732538104057312, -0.6595798134803772, -0.16835184395313263, -2.562373399734497, -0.1599999964237213, 0.9376264810562134]}, "Camera0017": {"frame": 17, "pose": [0.11088360100984573, -0.08979199826717377, 0.9897687435150146, -0.629320502281189, -0.7771458625793457, -1.5116947338356113e-07, 0.7691947221755981, -0.6228817701339722, -0.14268067479133606, -2.622020959854126, -0.17000000178813934, 0.8779789805412292]}, "Camera0018": {"frame": 18, "pose": [0.09713102132081985, -0.07057007402181625, 0.9927665591239929, -0.5877851247787476, -0.8090170621871948, -2.244982653110128e-07, 0.8031651377677917, -0.5835334062576294, -0.12006069719791412, -2.676335573196411, -0.18000000715255737, 0.8236644268035889]}, "Camera0019": {"frame": 19, "pose": [0.08489535003900528, -0.05513167008757591, 0.9948634505271912, -0.5446392297744751, -0.8386704325675964, 3.244061019813671e-08, 0.8343625664710999, -0.5418416261672974, -0.1012260913848877, -2.7229435443878174, -0.1899999976158142, 0.7770565748214722]}, "Camera0020": {"frame": 20, "pose": [0.07508828490972519, -0.04335232824087143, 0.9962340593338013, -0.5000001192092896, -0.8660253286361694, -6.575886857262958e-08, 0.8627639412879944, -0.4981171488761902, -0.08670452237129211, -2.759807586669922, -0.20000000298023224, 0.7401923537254333]}, "Camera0021": {"frame": 21, "pose": [0.06847268342971802, -0.03488841652870178, 0.9970427751541138, -0.4539906680583954, -0.8910064697265625, 1.5617955284596974e-07, 0.8883715271949768, -0.4526481330394745, -0.07684861868619919, -2.7853169441223145, -0.20999999344348907, 0.7146830558776855]}, "Camera0022": {"frame": 22, "pose": [0.06565799564123154, -0.029232654720544815, 0.9974138736724854, -0.4067365229129791, -0.9135454893112183, 1.4551685012520466e-07, 0.9111829996109009, -0.4056846797466278, -0.0718715563416481, -2.798356533050537, -0.2199999988079071, 0.7016434073448181]}, "Camera0023": {"frame": 23, "pose": [0.06709755212068558, -0.0257563479244709, 0.9974139332771301, -0.3583676517009735, -0.9335805177688599, -3.372495172015988e-08, 0.9311662316322327, -0.35744088888168335, -0.07187120616436005, -2.798356533050537, -0.23000000417232513, 0.7016434073448181]}, "Camera0024": {"frame": 24, "pose": [0.07308755815029144, -0.023747330531477928, 0.9970427751541138, -0.3090170621871948, -0.9510564804077148, 2.492857618108246e-07, 0.9482439756393433, -0.3081032335758209, -0.07684873044490814, -2.7853169441223145, -0.23999999463558197, 0.7146830558776855]}, "Camera0025": {"frame": 25, "pose": [0.08375002443790436, -0.02244083769619465, 0.9962340593338013, -0.2588191628456116, -0.9659258127212524, -7.361957443663414e-08, 0.9622882008552551, -0.257844477891922, -0.08670442551374435, -2.759807586669922, -0.25, 0.7401923537254333]}, "Camera0026": {"frame": 26, "pose": [0.09901430457830429, -0.021046128123998642, 0.9948634505271912, -0.20791152119636536, -0.9781476259231567, -6.3816192330534705e-09, 0.97312331199646, -0.2068435698747635, -0.10122634470462799, -2.7229435443878174, -0.25999999046325684, 0.7770565748214722]}, "Camera0027": {"frame": 27, "pose": [0.11858252435922623, -0.018781760707497597, 0.9927665591239929, -0.1564345508813858, -0.9876883029937744, -1.2329763876550714e-07, 0.9805439114570618, -0.1553029865026474, -0.12006068974733353, -2.676335573196411, -0.27000001072883606, 0.8236644268035889]}, "Camera0028": {"frame": 28, "pose": [0.14189904928207397, -0.014914355240762234, 0.9897687435150146, -0.10452861338853836, -0.9945218563079834, -1.4317495811155823e-07, 0.9843466877937317, -0.10345913469791412, -0.14268068969249725, -2.622020959854126, -0.2800000011920929, 0.8779789805412292]}, "Camera0029": {"frame": 29, "pose": [0.16812093555927277, -0.008810543455183506, 0.9857270121574402, -0.05233544856309891, -0.9986295700073242, 2.1899290914006997e-07, 0.9843761324882507, -0.051588501781225204, -0.1683516502380371, -2.562373399734497, -0.28999999165534973, 0.9376264810562134]}, "Camera0030": {"frame": 30, "pose": [0.19611608982086182, -4.32202860167763e-08, 0.9805806875228882, 2.970734325202784e-09, -1.0, -4.467036163191551e-08, 0.9805806875228882, 1.1673622068997247e-08, -0.19611608982086182, -2.5, -0.30000001192092896, 1.0]}, "Camera0031": {"frame": 31, "pose": [0.22449231147766113, 0.011765043251216412, 0.9744048118591309, 0.05233601853251457, -0.9986295104026794, -1.1648257469687451e-07, 0.973069429397583, 0.05099649727344513, -0.22480037808418274, -2.437626600265503, -0.3100000023841858, 1.0623735189437866]}, "Camera0032": {"frame": 32, "pose": [0.2516748607158661, 0.026452206075191498, 0.9674502611160278, 0.10452886670827866, -0.9945218563079834, 1.0981370479612451e-08, 0.9621504545211792, 0.10112647712230682, -0.2530611753463745, -2.377979040145874, -0.3199999928474426, 1.122020959854126]}, "Camera0033": {"frame": 33, "pose": [0.2760260999202728, 0.04371817037463188, 0.9601553678512573, 0.1564343124628067, -0.9876883625984192, -2.6735252234288964e-08, 0.948334276676178, 0.1502012461423874, -0.27946680784225464, -2.323664426803589, -0.33000001311302185, 1.1763355731964111]}, "Camera0034": {"frame": 34, "pose": [0.295992374420166, 0.06291526556015015, 0.9531160593032837, 0.2079119235277176, -0.978147566318512, 7.077220232076797e-08, 0.9322881102561951, 0.198164165019989, -0.3026050329208374, -2.2770564556121826, -0.3400000035762787, 1.2229434251785278]}, "Camera0035": {"frame": 35, "pose": [0.3102540969848633, 0.08313240855932236, 0.9470118284225464, 0.2588190734386444, -0.9659258127212524, 6.236096083966913e-08, 0.914743185043335, 0.24510471522808075, -0.3211986720561981, -2.240192413330078, -0.3499999940395355, 1.2598075866699219]}, "Camera0036": {"frame": 36, "pose": [0.3178492486476898, 0.10327552258968353, 0.9424998760223389, 0.309017151594162, -0.9510564804077148, -1.9135780959800286e-08, 0.8963705897331238, 0.2912486493587494, -0.3342064917087555, -2.2146830558776855, -0.36000001430511475, 1.2853169441223145]}, "Camera0037": {"frame": 37, "pose": [0.31825539469718933, 0.12216673046350479, 0.9401004314422607, 0.3583677113056183, -0.9335805177688599, 2.7066292318522756e-08, 0.8776594400405884, 0.33690160512924194, -0.34089764952659607, -2.201643466949463, -0.3700000047683716, 1.298356533050537]}, "Camera0038": {"frame": 38, "pose": [0.31142550706863403, 0.1386556178331375, 0.9401004314422607, 0.4067365825176239, -0.9135454893112183, 8.038723109393686e-08, 0.8588244915008545, 0.382373183965683, -0.34089767932891846, -2.201643466949463, -0.3799999952316284, 1.298356533050537]}, "Camera0039": {"frame": 39, "pose": [0.29777991771698, 0.1517266482114792, 0.9424999356269836, 0.45399072766304016, -0.8910064101219177, 1.0284347951028394e-07, 0.8397735357284546, 0.4278861880302429, -0.33420631289482117, -2.2146830558776855, -0.38999998569488525, 1.2853169441223145]}, "Camera0040": {"frame": 40, "pose": [0.27816617488861084, 0.16059933602809906, 0.9470118284225464, 0.4999999403953552, -0.866025447845459, 4.6231583894496e-08, 0.8201363682746887, 0.4735058546066284, -0.32119864225387573, -2.240192413330078, -0.4000000059604645, 1.2598075866699219]}, "Camera0041": {"frame": 41, "pose": [0.25378575921058655, 0.1648106575012207, 0.9531160593032837, 0.5446390509605408, -0.838670551776886, 2.027746859312174e-07, 0.799350380897522, 0.5191041827201843, -0.3026049733161926, -2.2770564556121826, -0.4099999964237213, 1.2229434251785278]}, "Camera0042": {"frame": 42, "pose": [0.22609327733516693, 0.1642664521932602, 0.9601553678512573, 0.5877853631973267, -0.8090169429779053, 2.8928150541673858e-08, 0.7767819762229919, 0.5643652677536011, -0.2794666886329651, -2.323664426803589, -0.41999998688697815, 1.1763355731964111]}, "Camera0043": {"frame": 43, "pose": [0.19666552543640137, 0.15925659239292145, 0.9674502611160278, 0.6293203830718994, -0.7771459817886353, -2.7690432169436008e-09, 0.7518500685691833, 0.6088361740112305, -0.2530612349510193, -2.377979040145874, -0.4300000071525574, 1.122020959854126]}, "Camera0044": {"frame": 44, "pose": [0.1670592576265335, 0.15042072534561157, 0.9744048714637756, 0.6691306829452515, -0.7431447505950928, -1.0432368924284674e-07, 0.7241238355636597, 0.6520041823387146, -0.22480033338069916, -2.437626600265503, -0.4399999976158142, 1.0623735189437866]}, "Camera0045": {"frame": 45, "pose": [0.13867510855197906, 0.13867512345314026, 0.9805806279182434, 0.7071070075035095, -0.7071065306663513, -5.900205124476088e-08, 0.6933749914169312, 0.6933754682540894, -0.19611622393131256, -2.5, -0.44999998807907104, 1.0]}, "Camera0046": {"frame": 46, "pose": [0.11264925450086594, 0.12510980665683746, 0.9857269525527954, 0.7431449294090271, -0.6691304445266724, 5.606708697314389e-08, 0.6595799326896667, 0.7325380444526672, -0.16835176944732666, -2.562373399734497, -0.46000000834465027, 0.9376264810562134]}, "Camera0047": {"frame": 47, "pose": [0.0897919237613678, 0.11088357120752335, 0.9897688031196594, 0.7771456241607666, -0.6293208003044128, -6.547934106038156e-08, 0.622882068157196, 0.769194483757019, -0.14268061518669128, -2.622020959854126, -0.4699999988079071, 0.8779789805412292]}, "Camera0048": {"frame": 48, "pose": [0.0705699771642685, 0.09713112562894821, 0.9927665591239929, 0.8090171813964844, -0.587785005569458, -1.0672859929172773e-07, 0.5835332274436951, 0.8031651973724365, -0.12006071954965591, -2.676335573196411, -0.47999998927116394, 0.8236644268035889]}, "Camera0049": {"frame": 49, "pose": [0.055131684988737106, 0.08489547669887543, 0.9948634505271912, 0.838670551776886, -0.5446390509605408, 6.82122731632262e-08, 0.541841447353363, 0.8343626856803894, -0.10122620314359665, -2.7229435443878174, -0.49000000953674316, 0.7770565748214722]}, "Camera0050": {"frame": 50, "pose": [0.04335220530629158, 0.07508823275566101, 0.9962340593338013, 0.8660252690315247, -0.5000002980232239, 3.3300178614581455e-08, 0.4981173276901245, 0.8627638816833496, -0.08670442551374435, -2.759807586669922, -0.5, 0.7401923537254333]}, "Camera0051": {"frame": 51, "pose": [0.03488846495747566, 0.06847275048494339, 0.9970427751541138, 0.8910065293312073, -0.45399048924446106, 1.2894564349608117e-07, 0.45264795422554016, 0.8883715867996216, -0.07684870064258575, -2.7853169441223145, -0.5099999904632568, 0.7146830558776855]}, "Camera0052": {"frame": 52, "pose": [0.02923266775906086, 0.06565774232149124, 0.9974139332771301, 0.913545548915863, -0.40673643350601196, 2.337877447189385e-08, 0.40568456053733826, 0.9111830592155457, -0.0718713328242302, -2.798356533050537, -0.5199999809265137, 0.7016434073448181]}, "Camera0053": {"frame": 53, "pose": [0.02575610764324665, 0.06709760427474976, 0.9974139332771301, 0.9335803985595703, -0.3583679795265198, 2.3779909952281741e-07, 0.3574412167072296, 0.9311661124229431, -0.07187117636203766, -2.798356533050537, -0.5299999713897705, 0.7016434073448181]}, "Camera0054": {"frame": 54, "pose": [0.023747270926833153, 0.0730874091386795, 0.9970427751541138, 0.9510565400123596, -0.3090169429779053, 2.512216212835483e-07, 0.30810311436653137, 0.948244035243988, -0.07684856653213501, -2.7853169441223145, -0.5400000214576721, 0.7146830558776855]}, "Camera0055": {"frame": 55, "pose": [0.022440683096647263, 0.08375005424022675, 0.9962340593338013, 0.9659258723258972, -0.25881892442703247, 6.196704305239109e-08, 0.2578442394733429, 0.9622882604598999, -0.08670441061258316, -2.759807586669922, -0.550000011920929, 0.7401923537254333]}, "Camera0056": {"frame": 56, "pose": [0.021046195179224014, 0.0990142822265625, 0.9948634505271912, 0.978147566318512, -0.2079119235277176, -3.480059618254927e-08, 0.20684395730495453, 0.9731232523918152, -0.1012263298034668, -2.7229435443878174, -0.5600000023841858, 0.7770565748214722]}, "Camera0057": {"frame": 57, "pose": [0.01878165639936924, 0.11858266592025757, 0.9927665591239929, 0.9876883625984192, -0.15643440186977386, -1.4589067731662908e-08, 0.15530283749103546, 0.9805439710617065, -0.12006081640720367, -2.676335573196411, -0.5699999928474426, 0.8236644268035889]}, "Camera0058": {"frame": 58, "pose": [0.01491414662450552, 0.14189906418323517, 0.9897687435150146, 0.9945219159126282, -0.10452841222286224, 3.937746129167863e-08, 0.1034589633345604, 0.9843467473983765, -0.14268068969249725, -2.622020959854126, -0.5799999833106995, 0.8779789805412292]}, "Camera0059": {"frame": 59, "pose": [0.008810535073280334, 0.16812092065811157, 0.9857270121574402, 0.9986295700073242, -0.05233583599328995, 2.922457724707783e-07, 0.05158889666199684, 0.9843761324882507, -0.16835162043571472, -2.562373399734497, -0.5899999737739563, 0.9376264810562134]}, "Camera0060": {"frame": 60, "pose": [1.9470718370939721e-07, 0.19611620903015137, 0.9805806875228882, 1.0, -1.1103119845756737e-07, -1.7635690596762288e-07, 7.428860016034378e-08, 0.9805806875228882, -0.19611620903015137, -2.5, -0.6000000238418579, 1.0]}, "Camera0061": {"frame": 61, "pose": [-0.011765062808990479, 0.22449235618114471, 0.9744048118591309, 0.9986295104026794, 0.052336081862449646, -1.1442385527971055e-07, -0.050996556878089905, 0.973069429397583, -0.22480043768882751, -2.437626600265503, -0.6100000143051147, 1.0623735189437866]}, "Camera0062": {"frame": 62, "pose": [-0.02645202912390232, 0.25167495012283325, 0.9674502611160278, 0.9945219159126282, 0.1045282781124115, -2.767028206562827e-08, -0.10112591832876205, 0.962150514125824, -0.2530612349510193, -2.377979040145874, -0.6200000047683716, 1.122020959854126]}, "Camera0063": {"frame": 63, "pose": [-0.0437181256711483, 0.2760259211063385, 0.9601554274559021, 0.987688422203064, 0.15643391013145447, 7.191565032371727e-08, -0.15020084381103516, 0.9483343958854675, -0.2794666290283203, -2.323664426803589, -0.6299999952316284, 1.1763355731964111]}, "Camera0064": {"frame": 64, "pose": [-0.06291531026363373, 0.29599249362945557, 0.9531159996986389, 0.978147566318512, 0.20791193842887878, 8.260957429229165e-08, -0.198164165019989, 0.9322880506515503, -0.30260518193244934, -2.2770564556121826, -0.6399999856948853, 1.2229434251785278]}, "Camera0065": {"frame": 65, "pose": [-0.08313246816396713, 0.31025394797325134, 0.9470118880271912, 0.9659258127212524, 0.2588190734386444, 1.70363350093794e-07, -0.24510467052459717, 0.9147432446479797, -0.32119855284690857, -2.240192413330078, -0.6499999761581421, 1.2598075866699219]}, "Camera0066": {"frame": 66, "pose": [-0.10327532142400742, 0.31784921884536743, 0.9424999356269836, 0.9510565996170044, 0.30901670455932617, -3.3815240385592915e-08, -0.29124823212623596, 0.8963707685470581, -0.33420640230178833, -2.2146830558776855, -0.6600000262260437, 1.2853169441223145]}, "Camera0067": {"frame": 67, "pose": [-0.12216681987047195, 0.31825533509254456, 0.9401004314422607, 0.9335805177688599, 0.3583677113056183, 1.3460736170145537e-07, -0.33690160512924194, 0.8776594400405884, -0.3408976197242737, -2.201643466949463, -0.6700000166893005, 1.298356533050537]}, "Camera0068": {"frame": 68, "pose": [-0.1386556625366211, 0.31142541766166687, 0.9401004314422607, 0.9135454297065735, 0.4067366421222687, 1.2937555027292547e-07, -0.38237324357032776, 0.8588244915008545, -0.3408976197242737, -2.201643466949463, -0.6800000071525574, 1.298356533050537]}, "Camera0069": {"frame": 69, "pose": [-0.15172667801380157, 0.29777997732162476, 0.9424999356269836, 0.891006588935852, 0.4539903402328491, 2.5502731659798883e-07, -0.4278858006000519, 0.8397737145423889, -0.33420637249946594, -2.2146830558776855, -0.6899999976158142, 1.2853169441223145]}, "Camera0070": {"frame": 70, "pose": [-0.16059927642345428, 0.27816635370254517, 0.9470118284225464, 0.866025447845459, 0.4999999701976776, -1.2734302856642898e-07, -0.4735059142112732, 0.8201362490653992, -0.3211987614631653, -2.240192413330078, -0.699999988079071, 1.2598075866699219]}, "Camera0071": {"frame": 71, "pose": [-0.16481062769889832, 0.25378575921058655, 0.9531160593032837, 0.838670551776886, 0.5446390509605408, 1.8802489876179607e-07, -0.5191041827201843, 0.7993504405021667, -0.30260494351387024, -2.2770564556121826, -0.7099999785423279, 1.2229434251785278]}, "Camera0072": {"frame": 72, "pose": [-0.16426631808280945, 0.22609324753284454, 0.9601554274559021, 0.8090173006057739, 0.5877848267555237, 1.1139514555225105e-07, -0.5643647909164429, 0.7767823338508606, -0.2794665992259979, -2.323664426803589, -0.7200000286102295, 1.1763355731964111]}, "Camera0073": {"frame": 73, "pose": [-0.1592564880847931, 0.196665421128273, 0.9674503207206726, 0.77714604139328, 0.6293203234672546, 4.918546014920366e-09, -0.6088361144065857, 0.7518501281738281, -0.25306108593940735, -2.377979040145874, -0.7300000190734863, 1.122020959854126]}, "Camera0074": {"frame": 74, "pose": [-0.15042081475257874, 0.16705913841724396, 0.9744048714637756, 0.7431448101997375, 0.6691306233406067, 7.004163649071415e-08, -0.6520041227340698, 0.7241239547729492, -0.22480030357837677, -2.437626600265503, -0.7400000095367432, 1.0623735189437866]}, "Camera0075": {"frame": 75, "pose": [-0.1386750489473343, 0.13867510855197906, 0.9805806875228882, 0.70710688829422, 0.7071067094802856, -1.805087812556394e-08, -0.6933751702308655, 0.6933753490447998, -0.19611617922782898, -2.5, -0.75, 1.0]}, "Camera0076": {"frame": 76, "pose": [-0.12510991096496582, 0.11264929175376892, 0.9857269525527954, 0.6691304445266724, 0.7431449890136719, 9.39618942652487e-08, -0.7325380444526672, 0.6595799326896667, -0.16835187375545502, -2.562373399734497, -0.7599999904632568, 0.9376264810562134]}, "Camera0077": {"frame": 77, "pose": [-0.11088356375694275, 0.08979200571775436, 0.9897688031196594, 0.6293204426765442, 0.7771459221839905, -1.9938160278343275e-07, -0.7691947817802429, 0.6228817105293274, -0.14268065989017487, -2.622020959854126, -0.7699999809265137, 0.8779789805412292]}, "Camera0078": {"frame": 78, "pose": [-0.09713126718997955, 0.07057008147239685, 0.9927664995193481, 0.5877854228019714, 0.8090168833732605, -4.447553436648377e-08, -0.8031648397445679, 0.5835337042808533, -0.12006089836359024, -2.676335573196411, -0.7799999713897705, 0.8236644268035889]}, "Camera0079": {"frame": 79, "pose": [-0.08489537239074707, 0.05513160303235054, 0.9948634505271912, 0.5446394681930542, 0.8386703133583069, 1.3060244441476243e-07, -0.8343623876571655, 0.5418419241905212, -0.1012260690331459, -2.7229435443878174, -0.7900000214576721, 0.7770565748214722]}, "Camera0080": {"frame": 80, "pose": [-0.07508823275566101, 0.04335210099816322, 0.9962340593338013, 0.49999991059303284, 0.866025447845459, 8.860816080868972e-08, -0.8627640604972839, 0.49811697006225586, -0.08670436590909958, -2.759807586669922, -0.800000011920929, 0.7401923537254333]}, "Camera0081": {"frame": 81, "pose": [-0.0684729814529419, 0.03488791733980179, 0.9970427751541138, 0.45399051904678345, 0.8910065293312073, 7.223527518362971e-07, -0.8883715867996216, 0.45264801383018494, -0.07684865593910217, -2.7853169441223145, -0.8100000023841858, 0.7146830558776855]}, "Camera0082": {"frame": 82, "pose": [-0.06565793603658676, 0.029232686385512352, 0.9974138736724854, 0.4067368805408478, 0.9135453701019287, 1.1919151177153253e-07, -0.9111828207969666, 0.4056850075721741, -0.07187151163816452, -2.798356533050537, -0.8199999928474426, 0.7016434073448181]}, "Camera0083": {"frame": 83, "pose": [-0.06709790229797363, 0.02575596421957016, 0.9974139332771301, 0.3583674728870392, 0.9335805773735046, 4.398009991746221e-07, -0.9311662912368774, 0.3574407398700714, -0.07187139987945557, -2.798356533050537, -0.8299999833106995, 0.7016434073448181]}, "Camera0084": {"frame": 84, "pose": [-0.07308769971132278, 0.023747146129608154, 0.9970427751541138, 0.30901703238487244, 0.9510564804077148, 4.6627076244476484e-07, -0.9482439756393433, 0.3081032335758209, -0.07684880495071411, -2.7853169441223145, -0.8399999737739563, 0.7146830558776855]}, "Camera0085": {"frame": 85, "pose": [-0.08375012129545212, 0.02244042232632637, 0.9962340593338013, 0.25881949067115784, 0.9659256935119629, 3.848047356314055e-07, -0.9622880816459656, 0.25784483551979065, -0.08670441806316376, -2.759807586669922, -0.8500000238418579, 0.7401923537254333]}, "Camera0086": {"frame": 86, "pose": [-0.09901437908411026, 0.021045025438070297, 0.9948634505271912, 0.2079123854637146, 0.9781474471092224, 1.1823815384559566e-06, -0.9731231331825256, 0.20684455335140228, -0.10122618079185486, -2.7229435443878174, -0.8600000143051147, 0.7770565748214722]}, "Camera0087": {"frame": 87, "pose": [-0.1185828372836113, 0.018780747428536415, 0.9927665591239929, 0.15643446147441864, 0.9876883625984192, 9.243986482943001e-07, -0.9805439114570618, 0.1553030163049698, -0.12006084620952606, -2.676335573196411, -0.8700000047683716, 0.8236644268035889]}, "Camera0088": {"frame": 88, "pose": [-0.14189913868904114, 0.01491435244679451, 0.9897687435150146, 0.10452888906002045, 0.9945218563079834, -9.064950035053698e-08, -0.9843466877937317, 0.1034594178199768, -0.14268077909946442, -2.622020959854126, -0.8799999952316284, 0.8779789805412292]}, "Camera0089": {"frame": 89, "pose": [-0.1681210696697235, 0.008810615167021751, 0.9857269525527954, 0.05233623459935188, 0.9986295104026794, 2.872279480925499e-07, -0.984376072883606, 0.05158928781747818, -0.16835176944732666, -2.562373399734497, -0.8899999856948853, 0.9376264810562134]}, "Camera0090": {"frame": 90, "pose": [-0.19611632823944092, -6.756540216201756e-08, 0.9805806279182434, -1.6988607853818394e-07, 1.0, 3.492621658551798e-08, -0.9805806279182434, -1.5973739664332243e-07, -0.19611632823944092, -2.5, -0.8999999761581421, 1.0]}, "Camera0091": {"frame": 91, "pose": [-0.2244923859834671, -0.011764864437282085, 0.9744048118591309, -0.05233568698167801, 0.9986295700073242, -2.2761992113373708e-07, -0.973069429397583, -0.05099619925022125, -0.2248004525899887, -2.437626600265503, -0.9100000262260437, 1.0623735189437866]}, "Camera0092": {"frame": 92, "pose": [-0.25167495012283325, -0.026451759040355682, 0.9674502611160278, -0.1045280173420906, 0.9945219159126282, -2.3813909422187862e-07, -0.962150514125824, -0.10112571716308594, -0.2530612349510193, -2.377979040145874, -0.9200000166893005, 1.122020959854126]}, "Camera0093": {"frame": 93, "pose": [-0.27602604031562805, -0.04371815547347069, 0.9601553678512573, -0.15643443167209625, 0.9876883625984192, -6.657373319285398e-08, -0.948334276676178, -0.15020138025283813, -0.2794667184352875, -2.323664426803589, -0.9300000071525574, 1.1763355731964111]}, "Camera0094": {"frame": 94, "pose": [-0.29599249362945557, -0.06291496008634567, 0.9531159996986389, -0.20791155099868774, 0.9781476259231567, -1.4285164695593267e-07, -0.9322881698608398, -0.19816386699676514, -0.3026050925254822, -2.2770564556121826, -0.9399999976158142, 1.2229434251785278]}, "Camera0095": {"frame": 95, "pose": [-0.31025412678718567, -0.08313226699829102, 0.9470118284225464, -0.25881871581077576, 0.965925931930542, 4.1027330865972544e-08, -0.9147433042526245, -0.2451043725013733, -0.3211986720561981, -2.240192413330078, -0.949999988079071, 1.2598075866699219]}, "Camera0096": {"frame": 96, "pose": [-0.3178490400314331, -0.10327567160129547, 0.9424999356269836, -0.3090173602104187, 0.9510564208030701, 1.1909767749784805e-07, -0.8963705897331238, -0.29124879837036133, -0.33420634269714355, -2.2146830558776855, -0.9599999785423279, 1.2853169441223145]}, "Camera0097": {"frame": 97, "pose": [-0.31825533509254456, -0.12216655910015106, 0.9401004314422607, -0.3583678901195526, 0.9335804581642151, -1.94076733350812e-07, -0.8776593804359436, -0.33690187335014343, -0.3408975303173065, -2.201643466949463, -0.9700000286102295, 1.298356533050537]}, "Camera0098": {"frame": 98, "pose": [-0.3114255964756012, -0.13865527510643005, 0.9401004314422607, -0.40673625469207764, 0.9135456085205078, -1.661522617268929e-07, -0.858824610710144, -0.38237297534942627, -0.3408976197242737, -2.201643466949463, -0.9800000190734863, 1.298356533050537]}, "Camera0099": {"frame": 99, "pose": [-0.2977800667285919, -0.151726633310318, 0.9424998760223389, -0.4539908468723297, 0.891006350517273, -4.6179817303482196e-08, -0.8397733569145203, -0.42788633704185486, -0.3342064321041107, -2.2146830558776855, -0.9900000095367432, 1.2853169441223145]}, "Camera0100": {"frame": 100, "pose": [-0.27816617488861084, -0.16059935092926025, 0.9470118284225464, -0.5000001788139343, 0.8660253286361694, -3.255165736959498e-08, -0.8201362490653992, -0.47350606322288513, -0.3211986720561981, -2.240192413330078, -1.0, 1.2598075866699219]}, "Camera0101": {"frame": 101, "pose": [-0.2537859380245209, -0.16481046378612518, 0.9531160593032837, -0.5446388125419617, 0.8386707305908203, 4.3939930804981486e-08, -0.7993505597114563, -0.5191039443016052, -0.302605003118515, -2.2770564556121826, -1.0099999904632568, 1.2229434251785278]}, "Camera0102": {"frame": 102, "pose": [-0.22609345614910126, -0.16426631808280945, 0.9601553678512573, -0.5877846479415894, 0.8090174198150635, 5.701459926399366e-08, -0.7767824530601501, -0.5643645524978638, -0.27946677803993225, -2.323664426803589, -1.0199999809265137, 1.1763355731964111]}, "Camera0103": {"frame": 103, "pose": [-0.19666548073291779, -0.15925651788711548, 0.9674502611160278, -0.6293205618858337, 0.7771458029747009, -9.956212210227022e-08, -0.751849889755249, -0.6088364124298096, -0.2530611455440521, -2.377979040145874, -1.0299999713897705, 1.122020959854126]}, "Camera0104": {"frame": 104, "pose": [-0.1670594960451126, -0.15042057633399963, 0.9744048118591309, -0.6691303849220276, 0.7431450486183167, -2.828030289947492e-07, -0.7241240739822388, -0.6520038843154907, -0.22480040788650513, -2.437626600265503, -1.0399999618530273, 1.0623735189437866]}, "Camera0105": {"frame": 105, "pose": [-0.13867522776126862, -0.13867513835430145, 0.9805806279182434, -0.7071064710617065, 0.7071071267127991, 2.3487373823627422e-08, -0.6933755278587341, -0.6933748722076416, -0.19611632823944092, -2.5, -1.0499999523162842, 1.0]}, "Camera0106": {"frame": 106, "pose": [-0.11264915764331818, -0.1251096874475479, 0.9857270121574402, -0.7431451082229614, 0.6691303253173828, 1.5610988057801478e-08, -0.6595798134803772, -0.7325381636619568, -0.16835162043571472, -2.562373399734497, -1.059999942779541, 0.9376264810562134]}, "Camera0107": {"frame": 107, "pose": [-0.0897919088602066, -0.11088372021913528, 0.9897687435150146, -0.7771457433700562, 0.6293206810951233, 2.410637378602587e-08, -0.6228819489479065, -0.7691945433616638, -0.14268071949481964, -2.622020959854126, -1.0700000524520874, 0.8779789805412292]}, "Camera0108": {"frame": 108, "pose": [-0.0705701932311058, -0.09713099896907806, 0.9927665591239929, -0.8090167045593262, 0.5877856612205505, -2.603360371722374e-07, -0.5835339426994324, -0.8031647205352783, -0.1200607493519783, -2.676335573196411, -1.0800000429153442, 0.8236644268035889]}, "Camera0109": {"frame": 109, "pose": [-0.055131763219833374, -0.08489543944597244, 0.9948634505271912, -0.8386706709861755, 0.5446388721466064, -3.6823127658180965e-08, -0.5418413281440735, -0.834362804889679, -0.10122621804475784, -2.7229435443878174, -1.090000033378601, 0.7770565748214722]}, "Camera0110": {"frame": 110, "pose": [-0.04335228353738785, -0.07508807629346848, 0.9962340593338013, -0.8660252690315247, 0.5000002384185791, -1.1855956927320221e-07, -0.49811726808547974, -0.8627638816833496, -0.086704321205616, -2.759807586669922, -1.100000023841858, 0.7401923537254333]}, "Camera0111": {"frame": 111, "pose": [-0.03488853573799133, -0.06847245991230011, 0.9970427751541138, -0.891006350517273, 0.4539908170700073, -3.899626221937069e-08, -0.4526482820510864, -0.888371467590332, -0.07684847712516785, -2.7853169441223145, -1.1100000143051147, 0.7146830558776855]}, "Camera0112": {"frame": 112, "pose": [-0.029232637956738472, -0.06565787643194199, 0.9974139332771301, -0.9135456085205078, 0.4067363739013672, 9.92881581396432e-08, -0.40568453073501587, -0.9111830592155457, -0.07187144458293915, -2.798356533050537, -1.1200000047683716, 0.7016434073448181]}, "Camera0113": {"frame": 113, "pose": [-0.02575630135834217, -0.06709789484739304, 0.9974138736724854, -0.9335804581642151, 0.358367919921875, 1.5344039638875984e-07, -0.35744112730026245, -0.9311661124229431, -0.07187151163816452, -2.798356533050537, -1.1299999952316284, 0.7016434073448181]}, "Camera0114": {"frame": 114, "pose": [-0.023747462779283524, -0.07308745384216309, 0.9970427751541138, -0.9510564208030701, 0.3090173006057739, 1.1180252812437175e-07, -0.3081034719944, -0.9482439160346985, -0.07684867084026337, -2.7853169441223145, -1.1399999856948853, 0.7146830558776855]}, "Camera0115": {"frame": 115, "pose": [-0.022440766915678978, -0.0837501510977745, 0.9962340593338013, -0.9659258723258972, 0.2588188648223877, 5.605085284798861e-10, -0.2578441798686981, -0.9622882604598999, -0.08670452982187271, -2.759807586669922, -1.149999976158142, 0.7401923537254333]}, "Camera0116": {"frame": 116, "pose": [-0.021046048030257225, -0.09901420027017593, 0.9948634505271912, -0.9781476259231567, 0.2079116404056549, 6.348986403281742e-08, -0.20684368908405304, -0.97312331199646, -0.10122621804475784, -2.7229435443878174, -1.159999966621399, 0.7770565748214722]}, "Camera0117": {"frame": 117, "pose": [-0.018781859427690506, -0.11858250945806503, 0.9927665591239929, -0.9876883029937744, 0.15643474459648132, -1.990230629189682e-07, -0.15530316531658173, -0.9805439114570618, -0.12006068974733353, -2.676335573196411, -1.1699999570846558, 0.8236644268035889]}, "Camera0118": {"frame": 118, "pose": [-0.014914468862116337, -0.1418990194797516, 0.9897688031196594, -0.9945217967033386, 0.10452928394079208, -1.6301855509937013e-07, -0.10345979779958725, -0.9843466281890869, -0.14268067479133606, -2.622020959854126, -1.1799999475479126, 0.8779789805412292]}, "Camera0119": {"frame": 119, "pose": [-0.008810503408312798, -0.16812127828598022, 0.9857269525527954, -0.9986295700073242, 0.05233548954129219, 2.8397175810823683e-07, -0.051588550209999084, -0.984376072883606, -0.16835197806358337, -2.562373399734497, -1.190000057220459, 0.9376264810562134]}}, "environment": {"name": "cube_4", "width": 0.024, "resolution_x": 640, "resolution_y": 480, "lens": 0.035, "max_depth": 20.0, "min_depth": 1.0}}