{"cameras": {"Camera0000": {"frame": 0, "pose": [-0.07974521070718765, -0.1948927938938141, 0.9775773882865906, -0.9968152642250061, 0.015591489151120186, -0.07820616662502289, -6.919916728520548e-08, -0.9807006120681763, -0.1955154538154602, -2.5, 0.20000000298023224, 1.0]}, "Camera0001": {"frame": 1, "pose": [-0.07145465910434723, -0.19554507732391357, 0.9780881404876709, -0.9974438548088074, 0.014008304104208946, -0.07006807625293732, 1.1198780924814855e-07, -0.9805946350097656, -0.19604618847370148, -2.5, 0.1875, 1.0]}, "Camera0002": {"frame": 2, "pose": [-0.06324006617069244, -0.19698810577392578, 0.978364109992981, -0.9979983568191528, 0.012482351623475552, -0.061995942145586014, 1.7821658104821836e-07, -0.9803264141082764, -0.19738318026065826, -2.5, 0.17499999701976776, 1.0]}, "Camera0003": {"frame": 3, "pose": [-0.055194493383169174, -0.1992069035768509, 0.9784018397331238, -0.9984756112098694, 0.011012104339897633, -0.05408480018377304, -1.9747496082800353e-07, -0.9798955917358398, -0.19951103627681732, -2.5, 0.16249999403953552, 1.0]}, "Camera0004": {"frame": 4, "pose": [-0.04740765690803528, -0.20217815041542053, 0.9782006740570068, -0.998875617980957, 0.009595462121069431, -0.046426426619291306, 1.2183559761069773e-07, -0.9793017506599426, -0.20240572094917297, -2.5, 0.15000000596046448, 1.0]}, "Camera0005": {"frame": 5, "pose": [-0.03996801748871803, -0.20586757361888885, 0.977763295173645, -0.9992009401321411, 0.008234608918428421, -0.03911053016781807, 9.157479752275322e-08, -0.9785451889038086, -0.2060321867465973, -2.5, 0.13750000298023224, 1.0]}, "Camera0006": {"frame": 6, "pose": [-0.03295949473977089, -0.2102331519126892, 0.9770955443382263, -0.9994567036628723, 0.0069333878345787525, -0.03222198784351349, -4.525247732090065e-07, -0.9776266813278198, -0.21034745872020721, -2.5, 0.125, 1.0]}, "Camera0007": {"frame": 7, "pose": [-0.026459986343979836, -0.2152251899242401, 0.9762058854103088, -0.9996498823165894, 0.005696871783584356, -0.025839438661932945, -2.185621283956607e-08, -0.9765478372573853, -0.2153005748987198, -2.5, 0.11249999701976776, 1.0]}, "Camera0008": {"frame": 8, "pose": [-0.020544318482279778, -0.22078512609004974, 0.9751060605049133, -0.9997889399528503, 0.004536822903901339, -0.020037122070789337, 1.5129229424815094e-08, -0.9753119349479675, -0.2208317369222641, -2.5, 0.10000000149011612, 1.0]}, "Camera0009": {"frame": 9, "pose": [-0.015276835300028324, -0.22684891521930695, 0.9738101363182068, -0.9998832941055298, 0.0034658988006412983, -0.014878482557833195, 4.016334997913873e-08, -0.9739238023757935, -0.22687537968158722, -2.5, 0.08749999850988388, 1.0]}, "Camera0010": {"frame": 10, "pose": [-0.010717230848968029, -0.23334692418575287, 0.9723345041275024, -0.9999425411224365, 0.0025010425597429276, -0.01042131520807743, -6.807212571402488e-08, -0.972390353679657, -0.23336033523082733, -2.5, 0.07500000298023224, 1.0]}, "Camera0011": {"frame": 11, "pose": [-0.006916630547493696, -0.24020400643348694, 0.9706977605819702, -0.9999760985374451, 0.0016616291832178831, -0.006714072544127703, -1.927522248479363e-07, -0.9707210063934326, -0.24020974338054657, -2.5, 0.0625, 1.0]}, "Camera0012": {"frame": 12, "pose": [-0.003915462642908096, -0.24734264612197876, 0.9689201712608337, -0.999992311000824, 0.0009685874101705849, -0.0037937695160508156, -1.2287668482713343e-07, -0.9689275622367859, -0.24734455347061157, -2.5, 0.05000000074505806, 1.0]}, "Camera0013": {"frame": 13, "pose": [-0.0017480086535215378, -0.25468161702156067, 0.9670233726501465, -0.9999984502792358, 0.0004450408450793475, -0.0016904061194509268, 1.5043751488974522e-07, -0.9670248627662659, -0.2546820044517517, -2.5, 0.03750000149011612, 1.0]}, "Camera0014": {"frame": 14, "pose": [-0.00043825703323818743, -0.26213857531547546, 0.9650301337242126, -0.9999998807907104, 0.00011506657756399363, -0.00042288174154236913, -1.8909750565399008e-07, -0.9650302529335022, -0.26213860511779785, -2.5, 0.02500000037252903, 1.0]}, "Camera0015": {"frame": 15, "pose": [-4.371138828673793e-08, -0.26962989568710327, 0.9629640579223633, -1.0, 6.083845249804654e-08, -2.835778190046767e-08, -5.093913912901371e-08, -0.9629640579223633, -0.26962989568710327, -2.5, 0.012500000186264515, 1.0]}, "Camera0016": {"frame": 16, "pose": [-0.00043813782394863665, -0.27707231044769287, 0.9608489871025085, -0.9999998807907104, 0.00012135695578763261, -0.00042099555139429867, 4.051034707686085e-08, -0.9608490467071533, -0.27707234025001526, -2.5, 0.0, 1.0]}, "Camera0017": {"frame": 17, "pose": [-0.001747889444231987, -0.2843843102455139, 0.9587087631225586, -0.9999984502792358, 0.0004970094305463135, -0.0016757383709773421, 6.639393745899724e-08, -0.958710253238678, -0.28438472747802734, -2.5, -0.012500000186264515, 1.0]}, "Camera0018": {"frame": 18, "pose": [-0.003915820270776749, -0.29148420691490173, 0.956567645072937, -0.999992311000824, 0.0011415854096412659, -0.003745721885934472, -1.848878241617058e-07, -0.9565749764442444, -0.2914864420890808, -2.5, -0.02500000037252903, 1.0]}, "Camera0019": {"frame": 19, "pose": [-0.006916153710335493, -0.29829519987106323, 0.9544485807418823, -0.9999760985374451, 0.002063059713691473, -0.00660128565505147, 4.720228830024098e-08, -0.9544714093208313, -0.2983023226261139, -2.5, -0.03750000149011612, 1.0]}, "Camera0020": {"frame": 20, "pose": [-0.01071735005825758, -0.3047424554824829, 0.9523745179176331, -0.9999425411224365, 0.0032662837766110897, -0.010207495652139187, -6.796967966238299e-08, -0.9524291753768921, -0.3047599494457245, -2.5, -0.05000000074505806, 1.0]}, "Camera0021": {"frame": 21, "pose": [-0.015277431346476078, -0.3107551336288452, 0.9503672122955322, -0.9998832941055298, 0.00474817818030715, -0.014520836994051933, -8.8153925048573e-08, -0.9504781365394592, -0.31079140305519104, -2.5, -0.0625, 1.0]}, "Camera0022": {"frame": 22, "pose": [-0.020544318482279778, -0.31626904010772705, 0.948447048664093, -0.9997889399528503, 0.006498996168375015, -0.019489282742142677, -9.725808070015773e-08, -0.9486472606658936, -0.3163357973098755, -2.5, -0.07500000298023224, 1.0]}, "Camera0023": {"frame": 23, "pose": [-0.026460224762558937, -0.32122379541397095, 0.9466335773468018, -0.9996498823165894, 0.00850252341479063, -0.025056947022676468, 1.1371681551963775e-07, -0.9469651579856873, -0.3213362991809845, -2.5, -0.08749999850988388, 1.0]}, "Camera0024": {"frame": 24, "pose": [-0.03295913711190224, -0.32556575536727905, 0.9449447989463806, -0.9994567036628723, 0.010736113414168358, -0.03116152435541153, 9.074869922187645e-08, -0.9454584717750549, -0.3257427215576172, -2.5, -0.10000000149011612, 1.0]}, "Camera0025": {"frame": 25, "pose": [-0.039968255907297134, -0.32924824953079224, 0.9433971047401428, -0.9992009401321411, 0.013169984333217144, -0.03773609548807144, 1.8377670940594726e-08, -0.9441515207290649, -0.3295115530490875, -2.5, -0.11249999701976776, 1.0]}, "Camera0026": {"frame": 26, "pose": [-0.04740753769874573, -0.33223289251327515, 0.9420052170753479, -0.998875617980957, 0.01576779969036579, -0.04470851272344589, 2.887850030219852e-07, -0.9430655837059021, -0.33260685205459595, -2.5, -0.125, 1.0]}, "Camera0027": {"frame": 27, "pose": [-0.05519437417387962, -0.3344872295856476, 0.9407826066017151, -0.9984756112098694, 0.018490109592676163, -0.05200514197349548, -1.1680634059985096e-07, -0.9422188997268677, -0.33499789237976074, -2.5, -0.13750000298023224, 1.0]}, "Camera0028": {"frame": 28, "pose": [-0.0632404237985611, -0.33598941564559937, 0.9397402405738831, -0.9979982972145081, 0.02129095233976841, -0.05954869091510773, -2.3663297099574265e-07, -0.9416251182556152, -0.33666330575942993, -2.5, -0.15000000596046448, 1.0]}, "Camera0029": {"frame": 29, "pose": [-0.07145489752292633, -0.33672481775283813, 0.9388879537582397, -0.9974438548088074, 0.02412235178053379, -0.06726004928350449, -5.739411790273152e-08, -0.9412940740585327, -0.33758777379989624, -2.5, -0.16249999403953552, 1.0]}, "Camera0030": {"frame": 30, "pose": [-0.07974521070718765, -0.33668845891952515, 0.9382331967353821, -0.9968152642250061, 0.02693503350019455, -0.07505866140127182, 4.2230894337080827e-08, -0.9412307739257812, -0.3377641439437866, -2.5, -0.17499999701976776, 1.0]}, "Camera0031": {"frame": 31, "pose": [-0.08801932632923126, -0.33588188886642456, 0.9377824664115906, -0.9961187839508057, 0.02967936359345913, -0.08286457508802414, -7.710179517061988e-08, -0.9414364099502563, -0.3371906280517578, -2.5, -0.1875, 1.0]}, "Camera0032": {"frame": 32, "pose": [-0.0961848571896553, -0.33431780338287354, 0.9375393986701965, -0.9953634738922119, 0.03230621665716171, -0.09059710055589676, -1.2892812151221733e-07, -0.9419065117835999, -0.33587509393692017, -2.5, -0.20000000298023224, 1.0]}, "Camera0033": {"frame": 33, "pose": [-0.10415185242891312, -0.332015722990036, 0.9375062584877014, -0.9945614337921143, 0.034769076853990555, -0.0981769785284996, 7.404517532449972e-08, -0.9426328539848328, -0.3338313102722168, -2.5, -0.21250000596046448, 1.0]}, "Camera0034": {"frame": 34, "pose": [-0.11183319240808487, -0.32900363206863403, 0.9376832842826843, -0.9937269687652588, 0.03702594339847565, -0.10552603006362915, -1.618950733472957e-07, -0.9436025023460388, -0.33108049631118774, -2.5, -0.22499999403953552, 1.0]}, "Camera0035": {"frame": 35, "pose": [-0.11914544552564621, -0.32531648874282837, 0.9380690455436707, -0.9928768277168274, 0.039038125425577164, -0.11256848275661469, -7.301529336700696e-08, -0.94479900598526, -0.32765042781829834, -2.5, -0.23749999701976776, 1.0]}, "Camera0036": {"frame": 36, "pose": [-0.1260107457637787, -0.3209964632987976, 0.9386599659919739, -0.9920288920402527, 0.04077417775988579, -0.11923159658908844, -1.646889273843044e-07, -0.946202278137207, -0.3235757648944855, -2.5, -0.25, 1.0]}, "Camera0037": {"frame": 37, "pose": [-0.13235603272914886, -0.3160920739173889, 0.939450740814209, -0.9912022352218628, 0.04220810905098915, -0.12544558942317963, -8.363053183302327e-08, -0.9477891325950623, -0.31889766454696655, -2.5, -0.26249998807907104, 1.0]}, "Camera0038": {"frame": 38, "pose": [-0.13811491429805756, -0.3106573820114136, 0.9404340982437134, -0.9904162287712097, 0.043321430683135986, -0.13114489614963531, 1.76004419927267e-07, -0.9495342373847961, -0.31366342306137085, -2.5, -0.2750000059604645, 1.0]}, "Camera0039": {"frame": 39, "pose": [-0.14322994649410248, -0.3047496974468231, 0.9416012167930603, -0.9896894097328186, 0.044104304164648056, -0.1362704187631607, -2.940718957233912e-07, -0.9514107704162598, -0.30792462825775146, -2.5, -0.2874999940395355, 1.0]}, "Camera0040": {"frame": 40, "pose": [-0.14764592051506042, -0.29843413829803467, 0.9429410099983215, -0.9890402555465698, 0.04455098509788513, -0.14076408743858337, -1.4539418202730303e-07, -0.9533898830413818, -0.3017411530017853, -2.5, -0.30000001192092896, 1.0]}, "Camera0041": {"frame": 41, "pose": [-0.15132062137126923, -0.2917757034301758, 0.9444411396980286, -0.9884847402572632, 0.0446658656001091, -0.14457832276821136, 1.6306006500599324e-07, -0.9554433226585388, -0.2951746881008148, -2.5, -0.3125, 1.0]}, "Camera0042": {"frame": 42, "pose": [-0.15421710908412933, -0.2848441004753113, 0.9460871815681458, -0.9880369901657104, 0.04445958137512207, -0.14766943454742432, 1.252593762046672e-07, -0.9575422406196594, -0.28829291462898254, -2.5, -0.32499998807907104, 1.0]}, "Camera0043": {"frame": 43, "pose": [-0.15630657970905304, -0.27771127223968506, 0.9478632211685181, -0.987708568572998, 0.04394825920462608, -0.15000100433826447, 3.111975033220915e-08, -0.9596588015556335, -0.281167209148407, -2.5, -0.3375000059604645, 1.0]}, "Camera0044": {"frame": 44, "pose": [-0.15756855905056, -0.2704511284828186, 0.9497517347335815, -0.9875080585479736, 0.0431538000702858, -0.15154404938220978, -1.37953591661244e-07, -0.9617660641670227, -0.27387234568595886, -2.5, -0.3499999940395355, 1.0]}, "Camera0045": {"frame": 45, "pose": [-0.15799079835414886, -0.26313847303390503, 0.9517337083816528, -0.9874405860900879, 0.04210234805941582, -0.15227766335010529, -1.1350820727784594e-07, -0.9638389348983765, -0.26648539304733276, -2.5, -0.36250001192092896, 1.0]}, "Camera0046": {"frame": 46, "pose": [-0.1575683206319809, -0.25584858655929565, 0.9537891149520874, -0.9875081181526184, 0.04082348197698593, -0.15218810737133026, 1.1996803550573532e-07, -0.9658545255661011, -0.2590850591659546, -2.5, -0.375, 1.0]}, "Camera0047": {"frame": 47, "pose": [-0.1563069373369217, -0.2486569732427597, 0.9558963775634766, -0.9877085089683533, 0.039350543171167374, -0.15127258002758026, -5.6283962379666264e-08, -0.9677919149398804, -0.2517513930797577, -2.5, -0.38749998807907104, 1.0]}, "Camera0048": {"frame": 48, "pose": [-0.15421710908412933, -0.2416394203901291, 0.9580331444740295, -0.9880369901657104, 0.03771619498729706, -0.1495339572429657, -6.623276505024478e-08, -0.9696328639984131, -0.2445651739835739, -2.5, -0.4000000059604645, 1.0]}, "Camera0049": {"frame": 49, "pose": [-0.15132085978984833, -0.23487013578414917, 0.9601760506629944, -0.9884846806526184, 0.03595481440424919, -0.14698725938796997, -3.275856386153464e-08, -0.9713615775108337, -0.2376062572002411, -2.5, -0.4124999940395355, 1.0]}, "Camera0050": {"frame": 50, "pose": [-0.14764568209648132, -0.2284211963415146, 0.9623016715049744, -0.9890403151512146, 0.03409910202026367, -0.14365409314632416, 1.682773032030127e-08, -0.9729650616645813, -0.23095235228538513, -2.5, -0.42500001192092896, 1.0]}, "Camera0051": {"frame": 51, "pose": [-0.14322946965694427, -0.22236314415931702, 0.9643858075141907, -0.9896895289421082, 0.03218066692352295, -0.13956749439239502, 9.117775334743783e-08, -0.974432647228241, -0.22467969357967377, -2.5, -0.4375, 1.0]}, "Camera0052": {"frame": 52, "pose": [-0.1381150335073471, -0.21676349639892578, 0.9664045572280884, -0.9904161691665649, 0.03022809885442257, -0.13476654887199402, -1.0391735116854761e-07, -0.975756049156189, -0.21886102855205536, -2.5, -0.44999998807907104, 1.0]}, "Camera0053": {"frame": 53, "pose": [-0.13235579431056976, -0.21168549358844757, 0.9683342576026917, -0.9912022948265076, 0.02826661244034767, -0.12930218875408173, -1.3186810576826247e-07, -0.9769290089607239, -0.21356438100337982, -2.5, -0.4625000059604645, 1.0]}, "Camera0054": {"frame": 54, "pose": [-0.1260107457637787, -0.2071877419948578, 0.9701517820358276, -0.9920288920402527, 0.026317870244383812, -0.12323180586099625, -2.099592109061632e-07, -0.9779471158981323, -0.20885255932807922, -2.5, -0.4749999940395355, 1.0]}, "Camera0055": {"frame": 55, "pose": [-0.11914544552564621, -0.20332419872283936, 0.971835196018219, -0.9928768277168274, 0.02439911849796772, -0.11662041395902634, -1.7121445239354216e-07, -0.9788073897361755, -0.20478291809558868, -2.5, -0.48750001192092896, 1.0]}, "Camera0056": {"frame": 56, "pose": [-0.11183331161737442, -0.20014137029647827, 0.9733636379241943, -0.9937269687652588, 0.02252373844385147, -0.1095416396856308, 2.65825512713036e-08, -0.979508101940155, -0.20140478014945984, -2.5, -0.5, 1.0]}, "Camera0057": {"frame": 57, "pose": [-0.10415185242891312, -0.19767926633358002, 0.9747180342674255, -0.9945614337921143, 0.020701147615909576, -0.10207384824752808, 1.0052007581862199e-07, -0.9800481200218201, -0.1987602263689041, -2.5, -0.512499988079071, 1.0]}, "Camera0058": {"frame": 58, "pose": [-0.09618497639894485, -0.19596929848194122, 0.9758813977241516, -0.9953634738922119, 0.018937192857265472, -0.09430234134197235, -8.997197653570765e-08, -0.9804271459579468, -0.19688215851783752, -2.5, -0.5249999761581421, 1.0]}, "Camera0059": {"frame": 59, "pose": [-0.08801932632923126, -0.19503585994243622, 0.9768385887145996, -0.9961187839508057, 0.01723380759358406, -0.08631568402051926, 6.1575953225201374e-09, -0.980644702911377, -0.19579578936100006, -2.5, -0.5375000238418579, 1.0]}, "Camera0060": {"frame": 60, "pose": [-0.07974521070718765, -0.1948927938938141, 0.9775773882865906, -0.9968152642250061, 0.015591489151120186, -0.07820616662502289, -6.919916728520548e-08, -0.9807006120681763, -0.1955154538154602, -2.5, -0.550000011920929, 1.0]}, "Camera0061": {"frame": 61, "pose": [-0.07145465910434723, -0.19554507732391357, 0.9780881404876709, -0.9974438548088074, 0.014008304104208946, -0.07006807625293732, 1.1198780924814855e-07, -0.9805946350097656, -0.19604618847370148, -2.5, -0.5625, 1.0]}, "Camera0062": {"frame": 62, "pose": [-0.06324006617069244, -0.19698798656463623, 0.9783641695976257, -0.9979983568191528, 0.012482315301895142, -0.06199594959616661, 2.0771639697159117e-07, -0.9803264141082764, -0.1973830610513687, -2.5, -0.574999988079071, 1.0]}, "Camera0063": {"frame": 63, "pose": [-0.055194612592458725, -0.1992069035768509, 0.9784018397331238, -0.9984756112098694, 0.011011969298124313, -0.05408494919538498, -3.5237516016195514e-08, -0.9798955917358398, -0.19951103627681732, -2.5, -0.5874999761581421, 1.0]}, "Camera0064": {"frame": 64, "pose": [-0.04740765690803528, -0.20217815041542053, 0.9782006740570068, -0.998875617980957, 0.009595462121069431, -0.046426426619291306, 1.2183559761069773e-07, -0.9793017506599426, -0.20240572094917297, -2.5, -0.6000000238418579, 1.0]}, "Camera0065": {"frame": 65, "pose": [-0.03996801748871803, -0.20586757361888885, 0.977763295173645, -0.9992009401321411, 0.008234608918428421, -0.03911053016781807, 9.157479752275322e-08, -0.9785451889038086, -0.2060321867465973, -2.5, -0.612500011920929, 1.0]}, "Camera0066": {"frame": 66, "pose": [-0.03295973315834999, -0.2102331519126892, 0.9770955443382263, -0.9994567036628723, 0.0069334362633526325, -0.03222221881151199, -4.507787423335685e-07, -0.9776266813278198, -0.21034745872020721, -2.5, -0.625, 1.0]}, "Camera0067": {"frame": 67, "pose": [-0.026459986343979836, -0.2152251899242401, 0.9762058854103088, -0.9996498823165894, 0.005696871783584356, -0.025839438661932945, -2.185621283956607e-08, -0.9765478372573853, -0.2153005748987198, -2.5, -0.637499988079071, 1.0]}, "Camera0068": {"frame": 68, "pose": [-0.020544318482279778, -0.22078512609004974, 0.9751060605049133, -0.9997889399528503, 0.004536822903901339, -0.020037122070789337, 1.5129229424815094e-08, -0.9753119349479675, -0.2208317369222641, -2.5, -0.6499999761581421, 1.0]}, "Camera0069": {"frame": 69, "pose": [-0.015276954509317875, -0.22684890031814575, 0.9738101363182068, -0.9998832941055298, 0.0034660405945032835, -0.014878571964800358, -7.786246669638786e-08, -0.9739238023757935, -0.22687537968158722, -2.5, -0.6625000238418579, 1.0]}, "Camera0070": {"frame": 70, "pose": [-0.010717230848968029, -0.23334692418575287, 0.9723345041275024, -0.9999425411224365, 0.0025010425597429276, -0.01042131520807743, -6.807212571402488e-08, -0.972390353679657, -0.23336033523082733, -2.5, -0.675000011920929, 1.0]}, "Camera0071": {"frame": 71, "pose": [-0.006916630547493696, -0.24020400643348694, 0.9706977605819702, -0.9999760985374451, 0.0016616291832178831, -0.006714072544127703, -1.927522248479363e-07, -0.9707210063934326, -0.24020974338054657, -2.5, -0.6875, 1.0]}, "Camera0072": {"frame": 72, "pose": [-0.003915462642908096, -0.24734264612197876, 0.9689201712608337, -0.999992311000824, 0.0009685874101705849, -0.0037937695160508156, -1.2287668482713343e-07, -0.9689275622367859, -0.24734455347061157, -2.5, -0.699999988079071, 1.0]}, "Camera0073": {"frame": 73, "pose": [-0.0017482470721006393, -0.25468161702156067, 0.9670233726501465, -0.9999984502792358, 0.0004452186403796077, -0.0016906058881431818, 2.937247955969724e-08, -0.9670248627662659, -0.2546820044517517, -2.5, -0.7124999761581421, 1.0]}, "Camera0074": {"frame": 74, "pose": [-0.00043825703323818743, -0.26213857531547546, 0.9650301337242126, -0.9999998807907104, 0.00011506657756399363, -0.00042288174154236913, -1.8909750565399008e-07, -0.9650302529335022, -0.26213860511779785, -2.5, -0.7250000238418579, 1.0]}, "Camera0075": {"frame": 75, "pose": [-4.371138828673793e-08, -0.26962989568710327, 0.9629640579223633, -1.0, 6.083845249804654e-08, -2.835778190046767e-08, -5.093913912901371e-08, -0.9629640579223633, -0.26962989568710327, -2.5, -0.737500011920929, 1.0]}, "Camera0076": {"frame": 76, "pose": [-0.00043813782394863665, -0.277072548866272, 0.9608489274978638, -0.9999998807907104, 0.00012140574835939333, -0.00042098149424418807, -1.0164924901800987e-08, -0.9608489871025085, -0.27707257866859436, -2.5, -0.75, 1.0]}, "Camera0077": {"frame": 77, "pose": [-0.001747889444231987, -0.2843843102455139, 0.9587087631225586, -0.9999984502792358, 0.0004970094305463135, -0.0016757383709773421, 6.639393745899724e-08, -0.958710253238678, -0.28438472747802734, -2.5, -0.762499988079071, 1.0]}, "Camera0078": {"frame": 78, "pose": [-0.003915820270776749, -0.29148420691490173, 0.956567645072937, -0.999992311000824, 0.0011415854096412659, -0.003745721885934472, -1.848878241617058e-07, -0.9565749764442444, -0.2914864420890808, -2.5, -0.7749999761581421, 1.0]}, "Camera0079": {"frame": 79, "pose": [-0.006916153710335493, -0.29829519987106323, 0.9544485807418823, -0.9999760985374451, 0.002063059713691473, -0.00660128565505147, 4.720228830024098e-08, -0.9544714093208313, -0.2983023226261139, -2.5, -0.7875000238418579, 1.0]}, "Camera0080": {"frame": 80, "pose": [-0.01071735005825758, -0.3047424554824829, 0.9523745179176331, -0.9999425411224365, 0.0032662837766110897, -0.010207495652139187, -6.796967966238299e-08, -0.9524291753768921, -0.3047599494457245, -2.5, -0.800000011920929, 1.0]}, "Camera0081": {"frame": 81, "pose": [-0.015277431346476078, -0.3107551336288452, 0.9503672122955322, -0.9998832941055298, 0.00474817818030715, -0.014520836994051933, -8.8153925048573e-08, -0.9504781365394592, -0.31079140305519104, -2.5, -0.8125, 1.0]}, "Camera0082": {"frame": 82, "pose": [-0.020544318482279778, -0.31626904010772705, 0.948447048664093, -0.9997889399528503, 0.006498996168375015, -0.019489282742142677, -9.725808070015773e-08, -0.9486472606658936, -0.3163357973098755, -2.5, -0.824999988079071, 1.0]}, "Camera0083": {"frame": 83, "pose": [-0.026460224762558937, -0.32122379541397095, 0.9466335773468018, -0.9996498823165894, 0.00850252341479063, -0.025056947022676468, 1.1371681551963775e-07, -0.9469651579856873, -0.3213362991809845, -2.5, -0.8374999761581421, 1.0]}, "Camera0084": {"frame": 84, "pose": [-0.03295913711190224, -0.32556575536727905, 0.9449447989463806, -0.9994567036628723, 0.010736113414168358, -0.03116152435541153, 9.074869922187645e-08, -0.9454584717750549, -0.3257427215576172, -2.5, -0.8500000238418579, 1.0]}, "Camera0085": {"frame": 85, "pose": [-0.039968255907297134, -0.32924824953079224, 0.9433971047401428, -0.9992009401321411, 0.013169984333217144, -0.03773609548807144, 1.8377670940594726e-08, -0.9441515207290649, -0.3295115530490875, -2.5, -0.862500011920929, 1.0]}, "Camera0086": {"frame": 86, "pose": [-0.04740753769874573, -0.33223289251327515, 0.9420052170753479, -0.998875617980957, 0.01576779969036579, -0.04470851272344589, 2.887850030219852e-07, -0.9430655837059021, -0.33260685205459595, -2.5, -0.875, 1.0]}, "Camera0087": {"frame": 87, "pose": [-0.05519437417387962, -0.3344872295856476, 0.9407826066017151, -0.9984756112098694, 0.018490109592676163, -0.05200514197349548, -1.1680634059985096e-07, -0.9422188997268677, -0.33499789237976074, -2.5, -0.887499988079071, 1.0]}, "Camera0088": {"frame": 88, "pose": [-0.0632404237985611, -0.33598941564559937, 0.9397402405738831, -0.9979982972145081, 0.02129095233976841, -0.05954869091510773, -2.3663297099574265e-07, -0.9416251182556152, -0.33666330575942993, -2.5, -0.8999999761581421, 1.0]}, "Camera0089": {"frame": 89, "pose": [-0.07145489752292633, -0.33672481775283813, 0.9388879537582397, -0.9974438548088074, 0.02412235178053379, -0.06726004928350449, -5.739411790273152e-08, -0.9412940740585327, -0.33758777379989624, -2.5, -0.9125000238418579, 1.0]}, "Camera0090": {"frame": 90, "pose": [-0.07974521070718765, -0.336688369512558, 0.9382332563400269, -0.9968152642250061, 0.026934994384646416, -0.07505867630243301, 7.529783374593535e-08, -0.941230833530426, -0.33776405453681946, -2.5, -0.925000011920929, 1.0]}, "Camera0091": {"frame": 91, "pose": [-0.08801932632923126, -0.33588188886642456, 0.9377824664115906, -0.9961187839508057, 0.02967936359345913, -0.08286457508802414, -7.710179517061988e-08, -0.9414364099502563, -0.3371906280517578, -2.5, -0.9375, 1.0]}, "Camera0092": {"frame": 92, "pose": [-0.0961848571896553, -0.33431780338287354, 0.9375393986701965, -0.9953634738922119, 0.03230621665716171, -0.09059710055589676, -1.2892812151221733e-07, -0.9419065117835999, -0.33587509393692017, -2.5, -0.949999988079071, 1.0]}, "Camera0093": {"frame": 93, "pose": [-0.10415185242891312, -0.332015722990036, 0.9375062584877014, -0.9945614337921143, 0.034769076853990555, -0.0981769785284996, 7.404517532449972e-08, -0.9426328539848328, -0.3338313102722168, -2.5, -0.9624999761581421, 1.0]}, "Camera0094": {"frame": 94, "pose": [-0.11183331161737442, -0.3290035128593445, 0.9376833438873291, -0.9937269687652588, 0.037025999277830124, -0.10552613437175751, -1.92690066569412e-07, -0.9436025619506836, -0.3310804069042206, -2.5, -0.9750000238418579, 1.0]}, "Camera0095": {"frame": 95, "pose": [-0.11914544552564621, -0.32531648874282837, 0.9380690455436707, -0.9928768277168274, 0.039038125425577164, -0.11256848275661469, -7.301529336700696e-08, -0.94479900598526, -0.32765042781829834, -2.5, -0.987500011920929, 1.0]}, "Camera0096": {"frame": 96, "pose": [-0.1260107457637787, -0.32099634408950806, 0.9386600255966187, -0.9920288920402527, 0.04077419638633728, -0.11923159658908844, -2.0107169973471173e-07, -0.946202278137207, -0.3235756456851959, -2.5, -1.0, 1.0]}, "Camera0097": {"frame": 97, "pose": [-0.13235591351985931, -0.31609228253364563, 0.9394506812095642, -0.9912022352218628, 0.04220832139253616, -0.1254453808069229, -3.203835490239726e-07, -0.9477890729904175, -0.31889790296554565, -2.5, -1.0125000476837158, 1.0]}, "Camera0098": {"frame": 98, "pose": [-0.13811491429805756, -0.3106573820114136, 0.9404340982437134, -0.9904162287712097, 0.043321430683135986, -0.13114489614963531, 1.76004419927267e-07, -0.9495342373847961, -0.31366342306137085, -2.5, -1.024999976158142, 1.0]}, "Camera0099": {"frame": 99, "pose": [-0.14322982728481293, -0.3047500550746918, 0.9416010975837708, -0.9896894693374634, 0.044104304164648056, -0.13627029955387115, -2.7938881430600304e-07, -0.9514106512069702, -0.30792495608329773, -2.5, -1.037500023841858, 1.0]}, "Camera0100": {"frame": 100, "pose": [-0.14764580130577087, -0.2984342575073242, 0.9429410099983215, -0.9890403151512146, 0.044550854712724686, -0.1407639980316162, -2.6558252486097444e-08, -0.9533898830413818, -0.30174124240875244, -2.5, -1.0499999523162842, 1.0]}, "Camera0101": {"frame": 101, "pose": [-0.15132074058055878, -0.2917756736278534, 0.9444410800933838, -0.9884847402572632, 0.04466593638062477, -0.14457842707633972, 1.2331169330082048e-07, -0.9554433226585388, -0.2951746881008148, -2.5, -1.0625, 1.0]}, "Camera0102": {"frame": 102, "pose": [-0.15421733260154724, -0.28484418988227844, 0.946087121963501, -0.9880369305610657, 0.044459640979766846, -0.14766965806484222, 1.516976055881969e-07, -0.9575422406196594, -0.2882930338382721, -2.5, -1.0750000476837158, 1.0]}, "Camera0103": {"frame": 103, "pose": [-0.15630657970905304, -0.277711421251297, 0.9478631615638733, -0.987708568572998, 0.04394804686307907, -0.15000106394290924, 2.7168417204848083e-07, -0.9596587419509888, -0.28116732835769653, -2.5, -1.087499976158142, 1.0]}, "Camera0104": {"frame": 104, "pose": [-0.15756820142269135, -0.2704513967037201, 0.9497516751289368, -0.9875081181526184, 0.043153487145900726, -0.1515437662601471, 1.298543992334089e-07, -0.9617660045623779, -0.27387258410453796, -2.5, -1.100000023841858, 1.0]}, "Camera0105": {"frame": 105, "pose": [-0.15799079835414886, -0.26313847303390503, 0.9517337083816528, -0.9874405860900879, 0.0421023815870285, -0.1522776484489441, -1.4959952920889918e-07, -0.9638389348983765, -0.26648539304733276, -2.5, -1.1124999523162842, 1.0]}, "Camera0106": {"frame": 106, "pose": [-0.1575683206319809, -0.25584858655929565, 0.9537891149520874, -0.9875081181526184, 0.04082348197698593, -0.15218810737133026, 1.1996803550573532e-07, -0.9658545255661011, -0.2590850591659546, -2.5, -1.125, 1.0]}, "Camera0107": {"frame": 107, "pose": [-0.1563069373369217, -0.2486569732427597, 0.9558963775634766, -0.9877085089683533, 0.039350543171167374, -0.15127258002758026, -5.6283962379666264e-08, -0.9677919149398804, -0.2517513930797577, -2.5, -1.1375000476837158, 1.0]}, "Camera0108": {"frame": 108, "pose": [-0.15421733260154724, -0.2416396141052246, 0.95803302526474, -0.9880369305610657, 0.037716448307037354, -0.14953413605690002, -2.3197334542146564e-07, -0.9696328043937683, -0.24456539750099182, -2.5, -1.149999976158142, 1.0]}, "Camera0109": {"frame": 109, "pose": [-0.15132062137126923, -0.23487019538879395, 0.9601760506629944, -0.9884847402572632, 0.03595447167754173, -0.14698711037635803, 2.6623428084349143e-07, -0.9713615775108337, -0.2376062572002411, -2.5, -1.162500023841858, 1.0]}, "Camera0110": {"frame": 110, "pose": [-0.14764580130577087, -0.22842134535312653, 0.9623016119003296, -0.9890403151512146, 0.034098878502845764, -0.14365427196025848, 2.9614056984428316e-07, -0.9729650616645813, -0.23095247149467468, -2.5, -1.1749999523162842, 1.0]}, "Camera0111": {"frame": 111, "pose": [-0.14322946965694427, -0.22236314415931702, 0.9643858075141907, -0.9896895289421082, 0.03218066692352295, -0.13956749439239502, 9.117775334743783e-08, -0.974432647228241, -0.22467969357967377, -2.5, -1.1875, 1.0]}, "Camera0112": {"frame": 112, "pose": [-0.138114795088768, -0.21676374971866608, 0.9664045572280884, -0.9904162287712097, 0.030227940529584885, -0.1347663551568985, 4.084582272412263e-08, -0.9757559895515442, -0.21886126697063446, -2.5, -1.2000000476837158, 1.0]}, "Camera0113": {"frame": 113, "pose": [-0.13235579431056976, -0.21168562769889832, 0.9683341979980469, -0.9912022948265076, 0.02826649695634842, -0.12930220365524292, 3.520888469665806e-09, -0.9769289493560791, -0.21356450021266937, -2.5, -1.212499976158142, 1.0]}, "Camera0114": {"frame": 114, "pose": [-0.12601062655448914, -0.20718786120414734, 0.9701517820358276, -0.9920288920402527, 0.026317864656448364, -0.1232316866517067, -2.1496782665053615e-07, -0.9779471158981323, -0.20885266363620758, -2.5, -1.225000023841858, 1.0]}, "Camera0115": {"frame": 115, "pose": [-0.11914544552564621, -0.20332443714141846, 0.9718351364135742, -0.9928768277168274, 0.02439906634390354, -0.11662042140960693, -8.902138404209836e-08, -0.9788073897361755, -0.20478315651416779, -2.5, -1.2374999523162842, 1.0]}, "Camera0116": {"frame": 116, "pose": [-0.11183331161737442, -0.20014137029647827, 0.9733636379241943, -0.9937269687652588, 0.02252373844385147, -0.1095416396856308, 2.65825512713036e-08, -0.979508101940155, -0.20140478014945984, -2.5, -1.25, 1.0]}, "Camera0117": {"frame": 117, "pose": [-0.10415185242891312, -0.19767926633358002, 0.9747180342674255, -0.9945614337921143, 0.020701147615909576, -0.10207384824752808, 1.0052007581862199e-07, -0.9800481200218201, -0.1987602263689041, -2.5, -1.2625000476837158, 1.0]}, "Camera0118": {"frame": 118, "pose": [-0.0961850956082344, -0.1959693282842636, 0.9758813977241516, -0.9953634738922119, 0.0189370047301054, -0.09430250525474548, 1.2721667985715612e-07, -0.9804271459579468, -0.19688215851783752, -2.5, -1.274999976158142, 1.0]}, "Camera0119": {"frame": 119, "pose": [-0.08801932632923126, -0.19503585994243622, 0.9768385887145996, -0.9961187839508057, 0.01723380759358406, -0.08631568402051926, 6.1575953225201374e-09, -0.980644702911377, -0.19579578936100006, -2.5, -1.287500023841858, 1.0]}}, "environment": {"name": "bunny_5", "width": 0.024, "resolution_x": 640, "resolution_y": 480, "lens": 0.035, "max_depth": 20.0, "min_depth": 1.0}}