{"cameras": {"Camera0000": {"frame": 0, "pose": [0.33500945568084717, -0.26504191756248474, 0.9041689038276672, -0.9422147870063782, -0.09423702210187912, 0.3214820623397827, -4.2336573358170426e-08, -0.9596208333969116, -0.2812967002391815, -2.25, -1.0, 1.0]}, "Camera0001": {"frame": 1, "pose": [0.3547211289405823, -0.25949886441230774, 0.8982389569282532, -0.9349721670150757, -0.09845198690891266, 0.34078481793403625, 1.4234963430226344e-07, -0.9607120156288147, -0.2775472104549408, -2.135237455368042, -0.987500011920929, 1.0]}, "Camera0002": {"frame": 2, "pose": [0.3800455629825592, -0.2558598518371582, 0.8888763189315796, -0.9249677658081055, -0.10512615740299225, 0.36521655321121216, -9.539910905687066e-08, -0.9609808921813965, -0.27661484479904175, -2.0052731037139893, -0.9750000238418579, 1.0]}, "Camera0003": {"frame": 3, "pose": [0.41072943806648254, -0.2539026737213135, 0.8756909966468811, -0.9117572903633118, -0.11437848210334778, 0.39448225498199463, 1.0918765269707364e-07, -0.9604431390762329, -0.27847620844841003, -1.869734525680542, -0.9624999761581421, 1.0]}, "Camera0004": {"frame": 4, "pose": [0.4455319344997406, -0.25318777561187744, 0.8587183952331543, -0.895266056060791, -0.12599968910217285, 0.42734387516975403, 3.8143008196378503e-10, -0.9591767191886902, -0.28280729055404663, -1.7403615713119507, -0.949999988079071, 1.0]}, "Camera0005": {"frame": 5, "pose": [0.4818347692489624, -0.25318261981010437, 0.8388884663581848, -0.8762620687484741, -0.13921862840652466, 0.46128398180007935, -1.9596193112647597e-07, -0.9573488235473633, -0.28893470764160156, -1.6294872760772705, -0.9375, 1.0]}, "Camera0006": {"frame": 6, "pose": [0.5156201720237732, -0.2535170316696167, 0.818452775478363, -0.8568172454833984, -0.15256306529045105, 0.4925329387187958, 1.716115889394132e-07, -0.9552243947982788, -0.29588237404823303, -1.548344612121582, -0.925000011920929, 1.0]}, "Camera0007": {"frame": 7, "pose": [0.5421807169914246, -0.2542347013950348, 0.8008775115013123, -0.8402618765830994, -0.1640453040599823, 0.5167679190635681, -1.4232330158847617e-07, -0.953128457069397, -0.30256593227386475, -1.505470633506775, -0.9125000238418579, 1.0]}, "Camera0008": {"frame": 8, "pose": [0.5575236082077026, -0.25576046109199524, 0.7897809743881226, -0.8301610946655273, -0.17176483571529388, 0.5304049849510193, -1.753717526753462e-08, -0.9513587355613708, -0.3080853223800659, -1.505470633506775, -0.8999999761581421, 1.0]}, "Camera0009": {"frame": 9, "pose": [0.5597740411758423, -0.25850608944892883, 0.7872913479804993, -0.8286452889442444, -0.17462822794914246, 0.5318382382392883, -1.3262572906569403e-07, -0.9500945210456848, -0.31196218729019165, -1.548344612121582, -0.887499988079071, 1.0]}, "Camera0010": {"frame": 10, "pose": [0.5497645139694214, -0.2624756991863251, 0.793010413646698, -0.8353196978569031, -0.17274807393550873, 0.5219186544418335, 5.512747236480209e-08, -0.949349582195282, -0.3142218589782715, -1.6294872760772705, -0.875, 1.0]}, "Camera0011": {"frame": 11, "pose": [0.5305496454238892, -0.26729318499565125, 0.8044074773788452, -0.847653865814209, -0.16729989647865295, 0.5034815669059753, 9.445889759263082e-08, -0.9489811062812805, -0.3153330087661743, -1.7403615713119507, -0.862500011920929, 1.0]}, "Camera0012": {"frame": 12, "pose": [0.5062105059623718, -0.2725522220134735, 0.818209171295166, -0.8624099493026733, -0.15998049080371857, 0.48026588559150696, -2.6492429583413468e-08, -0.9487473368644714, -0.31603553891181946, -1.869734525680542, -0.8500000238418579, 1.0]}, "Camera0013": {"frame": 13, "pose": [0.48059791326522827, -0.2780822813510895, 0.831682562828064, -0.8769410848617554, -0.15240006148815155, 0.45579445362091064, 1.189575513649288e-07, -0.9483904838562012, -0.31710493564605713, -2.0052731037139893, -0.8374999761581421, 1.0]}, "Camera0014": {"frame": 14, "pose": [0.4565376341342926, -0.2839336395263672, 0.8431814908981323, -0.8897041082382202, -0.14569607377052307, 0.43266531825065613, -3.1234043129657607e-10, -0.9477100372314453, -0.31913265585899353, -2.135237455368042, -0.824999988079071, 1.0]}, "Camera0015": {"frame": 15, "pose": [0.4356325566768646, -0.2902013063430786, 0.8520607352256775, -0.9001246094703674, -0.14044857025146484, 0.41237109899520874, 8.876824608705647e-08, -0.9466030597686768, -0.3224012851715088, -2.25, -0.8125, 1.0]}, "Camera0016": {"frame": 16, "pose": [0.4184439778327942, -0.2968577742576599, 0.8583589792251587, -0.9082425832748413, -0.13676774501800537, 0.39546167850494385, -5.500469058006274e-08, -0.9450767636299133, -0.32684850692749023, -2.343148946762085, -0.800000011920929, 1.0]}, "Camera0017": {"frame": 17, "pose": [0.40480104088783264, -0.30366837978363037, 0.8625088930130005, -0.9144048094749451, -0.13443201780319214, 0.38182708621025085, 2.4134649834195443e-09, -0.9432463049888611, -0.3320940434932709, -2.4120097160339355, -0.7875000238418579, 1.0]}, "Camera0018": {"frame": 18, "pose": [0.3940833508968353, -0.3101893365383148, 0.8651478886604309, -0.9190747141838074, -0.13300396502017975, 0.37096041440963745, 1.4870673226141662e-07, -0.9413248896598816, -0.3375018239021301, -2.457519769668579, -0.7749999761581421, 1.0]}, "Camera0019": {"frame": 19, "pose": [0.3854447901248932, -0.3158190846443176, 0.867000937461853, -0.9227309226989746, -0.1319246143102646, 0.3621651232242584, 1.1064184946008027e-07, -0.9396032094955444, -0.34226569533348083, -2.483506441116333, -0.762499988079071, 1.0]}, "Camera0020": {"frame": 20, "pose": [0.3779992461204529, -0.3198976516723633, 0.8687819242477417, -0.925805926322937, -0.13061173260211945, 0.35471677780151367, 3.960989758411415e-08, -0.9384061098098755, -0.3455342948436737, -2.4955127239227295, -0.75, 1.0]}, "Camera0021": {"frame": 21, "pose": [0.37098395824432373, -0.3218260109424591, 0.8710906505584717, -0.92863929271698, -0.1285669058561325, 0.34799376130104065, -1.6901726240803328e-08, -0.9380291104316711, -0.34655654430389404, -2.499401092529297, -0.737500011920929, 1.0]}, "Camera0022": {"frame": 22, "pose": [0.36390361189842224, -0.3211948871612549, 0.8743042945861816, -0.9314365983009338, -0.12548783421516418, 0.3415825664997101, -1.9679125884408677e-08, -0.9386621713638306, -0.34483814239501953, -2.499992609024048, -0.7250000238418579, 1.0]}, "Camera0023": {"frame": 23, "pose": [0.3566210865974426, -0.3178812265396118, 0.878506064414978, -0.9342491030693054, -0.12134154140949249, 0.3353428542613983, 8.26594401814873e-08, -0.9403338432312012, -0.34025320410728455, -2.499992609024048, -0.7124999761581421, 1.0]}, "Camera0024": {"frame": 24, "pose": [0.3493732213973999, -0.3120955526828766, 0.8834787607192993, -0.9369836449623108, -0.11637116223573685, 0.32942283153533936, 5.811112657738704e-08, -0.9428966641426086, -0.33308538794517517, -2.499401092529297, -0.699999988079071, 1.0]}, "Camera0025": {"frame": 25, "pose": [0.34270405769348145, -0.30435502529144287, 0.8887755274772644, -0.9394434094429016, -0.11102718114852905, 0.3242206573486328, 5.6567557749076514e-08, -0.9460660815238953, -0.32397377490997314, -2.4955127239227295, -0.6875, 1.0]}, "Camera0026": {"frame": 26, "pose": [0.33734673261642456, -0.2953950762748718, 0.8938338160514832, -0.9413804411888123, -0.10585586726665497, 0.32030820846557617, 8.880590485205175e-08, -0.9494926333427429, -0.3137893080711365, -2.483506441116333, -0.675000011920929, 1.0]}, "Camera0027": {"frame": 27, "pose": [0.3341001868247986, -0.2860482633113861, 0.8980832099914551, -0.9425375461578369, -0.1013951525092125, 0.31834250688552856, -3.8827216997106007e-08, -0.9528354406356812, -0.3034873604774475, -2.457519769668579, -0.6625000238418579, 1.0]}, "Camera0028": {"frame": 28, "pose": [0.33373454213142395, -0.2771263122558594, 0.9010118246078491, -0.9426670670509338, -0.09811145067214966, 0.31898728013038635, -1.947743726304907e-07, -0.9558112621307373, -0.29398104548454285, -2.4120097160339355, -0.6499999761581421, 1.0]}, "Camera0029": {"frame": 29, "pose": [0.3369339406490326, -0.26933813095092773, 0.9021820425987244, -0.9415282607078552, -0.09638479351997375, 0.32285359501838684, -1.5287906762750936e-07, -0.958210289478302, -0.2860647737979889, -2.343148946762085, -0.637499988079071, 1.0]}, "Camera0030": {"frame": 30, "pose": [0.34425443410873413, -0.2632407546043396, 0.9012176394462585, -0.9388763904571533, -0.09652138501405716, 0.3304462730884552, -1.5441941059179953e-07, -0.9598895311355591, -0.28037843108177185, -2.25, -0.625, 1.0]}, "Camera0031": {"frame": 31, "pose": [0.3560696244239807, -0.2592255771160126, 0.8977842330932617, -0.9344594478607178, -0.09877629578113556, 0.342094749212265, 9.669079048535423e-08, -0.9607524871826172, -0.2774070203304291, -2.135237455368042, -0.612500011920929, 1.0]}, "Camera0032": {"frame": 32, "pose": [0.37244322896003723, -0.2575048506259918, 0.8916149735450745, -0.9280549883842468, -0.10334084928035736, 0.35781925916671753, 4.755021976166063e-08, -0.9607350826263428, -0.2774672508239746, -2.0052731037139893, -0.6000000238418579, 1.0]}, "Camera0033": {"frame": 33, "pose": [0.3929137587547302, -0.2581033706665039, 0.882610559463501, -0.9195753335952759, -0.1102815791964531, 0.37711960077285767, -1.5306123657410353e-07, -0.9598023891448975, -0.28067663311958313, -1.869734525680542, -0.5874999761581421, 1.0]}, "Camera0034": {"frame": 34, "pose": [0.4161713719367981, -0.26085084676742554, 0.8710672855377197, -0.9092862010002136, -0.11938893049955368, 0.3986789286136627, 5.806207781233752e-08, -0.9579682350158691, -0.28687432408332825, -1.7403615713119507, -0.574999988079071, 1.0]}, "Camera0035": {"frame": 35, "pose": [0.4397413432598114, -0.2654147446155548, 0.8580108284950256, -0.8981244564056396, -0.12995289266109467, 0.4201008081436157, 3.903690526385617e-08, -0.9553362131118774, -0.2955211400985718, -1.6294872760772705, -0.5625, 1.0]}, "Camera0036": {"frame": 36, "pose": [0.45993736386299133, -0.2713982164859772, 0.8454588055610657, -0.8879513740539551, -0.14057783782482147, 0.4379272162914276, 1.0170660402764042e-07, -0.9521453976631165, -0.3056454062461853, -1.548344612121582, -0.550000011920929, 1.0]}, "Camera0037": {"frame": 37, "pose": [0.47241413593292236, -0.2784479558467865, 0.8362365961074829, -0.8813766837120056, -0.1492469757795334, 0.4482192099094391, 5.8240452460722736e-08, -0.9487845301628113, -0.31592389941215515, -1.505470633506775, -0.5375000238418579, 1.0]}, "Camera0038": {"frame": 38, "pose": [0.4734240770339966, -0.28623318672180176, 0.8330307602882385, -0.8808346390724182, -0.15384241938591003, 0.44773077964782715, 5.218603504886232e-08, -0.9457288384437561, -0.32495683431625366, -1.505470633506775, -0.5249999761581421, 1.0]}, "Camera0039": {"frame": 39, "pose": [0.46129903197288513, -0.29427093267440796, 0.8370231986045837, -0.887244701385498, -0.15299826860427856, 0.4351876974105835, 6.863814405733137e-09, -0.9433960914611816, -0.33166828751564026, -1.548344612121582, -0.512499988079071, 1.0]}, "Camera0040": {"frame": 40, "pose": [0.43726465106010437, -0.3018830418586731, 0.8471518158912659, -0.8993328809738159, -0.14677858352661133, 0.41189372539520264, 1.4282754534633568e-08, -0.9419780373573303, -0.3356744349002838, -1.6294872760772705, -0.5, 1.0]}, "Camera0041": {"frame": 41, "pose": [0.4049663841724396, -0.3085007071495056, 0.8607145547866821, -0.9143315553665161, -0.1366380751132965, 0.3812188506126404, 9.126520694735518e-08, -0.9413593411445618, -0.3374057412147522, -1.7403615713119507, -0.48750001192092896, 1.0]}, "Camera0042": {"frame": 42, "pose": [0.36896345019340515, -0.31404659152030945, 0.8747804164886475, -0.929443895816803, -0.12466787546873093, 0.34726351499557495, 9.655602895008997e-08, -0.9411868453025818, -0.3378865718841553, -1.869734525680542, -0.4749999940395355, 1.0]}, "Camera0043": {"frame": 43, "pose": [0.33317598700523376, -0.3189709782600403, 0.8872718214988708, -0.9428646564483643, -0.11271345615386963, 0.31353136897087097, 7.609362029370459e-08, -0.9410383701324463, -0.33829987049102783, -2.0052731037139893, -0.4625000059604645, 1.0]}, "Camera0044": {"frame": 44, "pose": [0.3000880479812622, -0.32393619418144226, 0.8972249031066895, -0.9539114832878113, -0.10190615803003311, 0.2822551727294922, 7.71253709785924e-08, -0.9405745267868042, -0.3395872712135315, -2.135237455368042, -0.44999998807907104, 1.0]}, "Camera0045": {"frame": 45, "pose": [0.27076008915901184, -0.32946375012397766, 0.904512345790863, -0.9626468420028687, -0.09266698360443115, 0.2544088363647461, -5.098529243241501e-08, -0.9396097660064697, -0.34224775433540344, -2.25, -0.4375, 1.0]}, "Camera0046": {"frame": 46, "pose": [0.2452392280101776, -0.335735946893692, 0.909471869468689, -0.9694625735282898, -0.08492919057607651, 0.23006372153759003, 5.054101137602629e-08, -0.9381195902824402, -0.34631142020225525, -2.343148946762085, -0.42500001192092896, 1.0]}, "Camera0047": {"frame": 47, "pose": [0.22300198674201965, -0.34255102276802063, 0.912649393081665, -0.9748179912567139, -0.07836317270994186, 0.20878003537654877, 2.88310531004754e-07, -0.936225414276123, -0.3514000177383423, -2.4120097160339355, -0.4124999940395355, 1.0]}, "Camera0048": {"frame": 48, "pose": [0.20328541100025177, -0.34936898946762085, 0.9146673679351807, -0.9791195392608643, -0.07253614813089371, 0.18990382552146912, -6.34940064969669e-08, -0.9341733455657959, -0.3568195402622223, -2.457519769668579, -0.4000000059604645, 1.0]}, "Camera0049": {"frame": 49, "pose": [0.18529997766017914, -0.3554089665412903, 0.9161595702171326, -0.9826819896697998, -0.06701786816120148, 0.1727561503648758, -2.866904580400842e-08, -0.9323052167892456, -0.36167240142822266, -2.483506441116333, -0.38749998807907104, 1.0]}, "Camera0050": {"frame": 50, "pose": [0.16836458444595337, -0.35978665947914124, 0.9177183508872986, -0.9857248067855835, -0.061452511698007584, 0.1567489206790924, -7.212541675016837e-08, -0.9310086965560913, -0.3649970591068268, -2.4955127239227295, -0.375, 1.0]}, "Camera0051": {"frame": 51, "pose": [0.151992529630661, -0.36169323325157166, 0.9198240637779236, -0.9883816242218018, -0.05562093108892441, 0.14144977927207947, 4.4859675085717754e-08, -0.9306365251541138, -0.36594489216804504, -2.499401092529297, -0.36250001192092896, 1.0]}, "Camera0052": {"frame": 52, "pose": [0.13592813909053802, -0.3605763614177704, 0.9227720499038696, -0.9907187223434448, -0.04947170615196228, 0.12660571932792664, 7.707232185794055e-08, -0.9314168095588684, -0.3639543652534485, -2.499992609024048, -0.3499999940395355, 1.0]}, "Camera0053": {"frame": 53, "pose": [0.1201312392950058, -0.3562891483306885, 0.9266210198402405, -0.99275803565979, -0.043113574385643005, 0.11212820559740067, -1.2066544741173857e-07, -0.9333805441856384, -0.3588882088661194, -2.499992609024048, -0.3375000059604645, 1.0]}, "Camera0054": {"frame": 54, "pose": [0.10470933467149734, -0.3491469919681549, 0.9311994314193726, -0.9945028424263, -0.03676112741231918, 0.09804420173168182, 1.0220841772934364e-07, -0.9363466501235962, -0.3510769009590149, -2.499401092529297, -0.32499998807907104, 1.0]}, "Camera0055": {"frame": 55, "pose": [0.08981573581695557, -0.33987170457839966, 0.9361732602119446, -0.9959583878517151, -0.03064969927072525, 0.08442429453134537, -1.2839116436680342e-09, -0.9399722218513489, -0.3412508964538574, -2.4955127239227295, -0.3125, 1.0]}, "Camera0056": {"frame": 56, "pose": [0.0755547359585762, -0.3294536769390106, 0.9411438703536987, -0.9971416592597961, -0.024963196367025375, 0.07131168991327286, 6.072486513630793e-08, -0.9438416957855225, -0.3303980827331543, -2.483506441116333, -0.30000001192092896, 1.0]}, "Camera0057": {"frame": 57, "pose": [0.06191244721412659, -0.3189781904220581, 0.9457376599311829, -0.9980815649032593, -0.019786691293120384, 0.058665476739406586, 1.174697672468028e-08, -0.9475554823875427, -0.31959131360054016, -2.457519769668579, -0.2874999940395355, 1.0]}, "Camera0058": {"frame": 58, "pose": [0.04872081056237221, -0.30948489904403687, 0.9496554136276245, -0.9988124370574951, -0.015096304938197136, 0.046322982758283615, 2.370498819459499e-08, -0.9507845044136047, -0.30985286831855774, -2.4120097160339355, -0.2750000059604645, 1.0]}, "Camera0059": {"frame": 59, "pose": [0.03565147519111633, -0.30188390612602234, 0.952677845954895, -0.9993642568588257, -0.010769427753984928, 0.033985983580350876, -2.63925770127571e-08, -0.9532838463783264, -0.30207595229148865, -2.343148946762085, -0.26249998807907104, 1.0]}, "Camera0060": {"frame": 60, "pose": [0.022216713055968285, -0.2969263792037964, 0.9546418786048889, -0.9997531771659851, -0.006598397623747587, 0.021214228123426437, 4.2421966384154075e-08, -0.9548775553703308, -0.2969996929168701, -2.25, -0.25, 1.0]}, "Camera0061": {"frame": 61, "pose": [0.007773873396217823, -0.29520153999328613, 0.9554033875465393, -0.9999697804450989, -0.002294965088367462, 0.0074273981153965, 3.811153348465268e-08, -0.9554322361946106, -0.29521045088768005, -2.135237455368042, -0.23749999701976776, 1.0]}, "Camera0062": {"frame": 62, "pose": [-0.00845665019005537, -0.2971203327178955, 0.9548025727272034, -0.9999642372131348, 0.0025127725675702095, -0.008074707351624966, -4.21505923497989e-08, -0.9548367261886597, -0.2971309423446655, -2.0052731037139893, -0.22499999403953552, 1.0]}, "Camera0063": {"frame": 63, "pose": [-0.02732989937067032, -0.30283689498901367, 0.9526504874229431, -0.9996264576911926, 0.008279858157038689, -0.026045486330986023, -2.763346742540307e-07, -0.9530064463615417, -0.30295005440711975, -1.869734525680542, -0.21250000596046448, 1.0]}, "Camera0064": {"frame": 64, "pose": [-0.049613647162914276, -0.31207647919654846, 0.9487606287002563, -0.9987685084342957, 0.015502489171922207, -0.047129467129707336, -1.530926141413147e-07, -0.9499304890632629, -0.3124612867832184, -1.7403615713119507, -0.20000000298023224, 1.0]}, "Camera0065": {"frame": 65, "pose": [-0.0756433829665184, -0.32388582825660706, 0.9430673718452454, -0.9971349239349365, 0.02457032911479473, -0.07154173403978348, -1.2113274294733856e-07, -0.9457770586013794, -0.3248164653778076, -1.6294872760772705, -0.1875, 1.0]}, "Camera0066": {"frame": 66, "pose": [-0.10480343550443649, -0.33645927906036377, 0.9358479380607605, -0.9944929480552673, 0.035457246005535126, -0.09862324595451355, 1.1220613771456556e-07, -0.9410302639007568, -0.3383224308490753, -1.548344612121582, -0.17499999701976776, 1.0]}, "Camera0067": {"frame": 67, "pose": [-0.13509708642959595, -0.3473588526248932, 0.9279496669769287, -0.9908323884010315, 0.04736142233014107, -0.1265231817960739, -6.884209824420395e-08, -0.9365354776382446, -0.35057276487350464, -1.505470633506775, -0.16249999403953552, 1.0]}, "Camera0068": {"frame": 68, "pose": [-0.1633530557155609, -0.3543453514575958, 0.9207361936569214, -0.9865676760673523, 0.05867135524749756, -0.15245291590690613, 1.4189336638992245e-07, -0.9332722425460815, -0.3591698110103607, -1.505470633506775, -0.15000000596046448, 1.0]}, "Camera0069": {"frame": 69, "pose": [-0.18640568852424622, -0.35642209649086, 0.9155414700508118, -0.982472836971283, 0.06762462109327316, -0.17370662093162537, -2.7078965558757773e-07, -0.9318745732307434, -0.3627806603908539, -1.548344612121582, -0.13750000298023224, 1.0]}, "Camera0070": {"frame": 70, "pose": [-0.2025587409734726, -0.35424748063087463, 0.9129505157470703, -0.9792701005935669, 0.07327490299940109, -0.18884074687957764, -5.246810541592595e-09, -0.9322765469551086, -0.3617464303970337, -1.6294872760772705, -0.125, 1.0]}, "Camera0071": {"frame": 71, "pose": [-0.2121560275554657, -0.3495881259441376, 0.9125667214393616, -0.9772357940673828, 0.07589516788721085, -0.19811639189720154, -2.70537157120998e-07, -0.9338244199752808, -0.3577316403388977, -1.7403615713119507, -0.11249999701976776, 1.0]}, "Camera0072": {"frame": 72, "pose": [-0.21694131195545197, -0.3444059491157532, 0.9134117364883423, -0.9761846661567688, 0.07653826475143433, -0.20299120247364044, 4.314652528591978e-07, -0.9356957077980042, -0.3528081178665161, -1.869734525680542, -0.10000000149011612, 1.0]}, "Camera0073": {"frame": 73, "pose": [-0.21902675926685333, -0.3402097821235657, 0.9144859910011292, -0.9757188558578491, 0.0763692781329155, -0.20528139173984528, 1.0630480318241098e-07, -0.9372433423995972, -0.34867602586746216, -2.0052731037139893, -0.08749999850988388, 1.0]}, "Camera0074": {"frame": 74, "pose": [-0.22017428278923035, -0.337848037481308, 0.9150857925415039, -0.9754605293273926, 0.07625674456357956, -0.20654690265655518, 3.937969395018115e-10, -0.9381064176559448, -0.3463471829891205, -2.135237455368042, -0.07500000298023224, 1.0]}, "Camera0075": {"frame": 75, "pose": [-0.22156481444835663, -0.3375585079193115, 0.9148569703102112, -0.9751456379890442, 0.0766972154378891, -0.20786654949188232, 1.391454702570627e-07, -0.9381747245788574, -0.3461621105670929, -2.25, -0.0625, 1.0]}, "Camera0076": {"frame": 76, "pose": [-0.22382858395576477, -0.3391062021255493, 0.9137328863143921, -0.9746285080909729, 0.07787761092185974, -0.20984353125095367, -8.749233870730677e-08, -0.9375190734863281, -0.3479337990283966, -2.343148946762085, -0.05000000074505806, 1.0]}, "Camera0077": {"frame": 77, "pose": [-0.2271633893251419, -0.3419172763824463, 0.9118604063987732, -0.9738566875457764, 0.07975620776414871, -0.21270202100276947, -3.184845809300896e-08, -0.9363394379615784, -0.35109609365463257, -2.4120097160339355, -0.03750000149011612, 1.0]}, "Camera0078": {"frame": 78, "pose": [-0.23145659267902374, -0.3451865315437317, 0.9095460772514343, -0.9728452563285828, 0.0821259394288063, -0.21639660000801086, -1.4111823531948176e-07, -0.9349340200424194, -0.35482165217399597, -2.457519769668579, -0.02500000037252903, 1.0]}, "Camera0079": {"frame": 79, "pose": [-0.23638254404067993, -0.34798872470855713, 0.9072084426879883, -0.9716600775718689, 0.08465775102376938, -0.2207029014825821, -1.0111276793622892e-07, -0.9336684942245483, -0.35813838243484497, -2.483506441116333, -0.012500000186264515, 1.0]}, "Camera0080": {"frame": 80, "pose": [-0.24150902032852173, -0.34940433502197266, 0.9053121209144592, -0.9703985452651978, 0.08695873618125916, -0.22531042993068695, -3.5413552268437343e-07, -0.9329280853271484, -0.3600628077983856, -2.4955127239227295, 0.0, 1.0]}, "Camera0081": {"frame": 81, "pose": [-0.24640753865242004, -0.3486664593219757, 0.9042759537696838, -0.9691662788391113, 0.08864739537239075, -0.22990936040878296, -2.7100391264411883e-08, -0.9330452084541321, -0.3597591519355774, -2.499401092529297, 0.012500000186264515, 1.0]}, "Camera0082": {"frame": 82, "pose": [-0.25078004598617554, -0.34529703855514526, 0.9043667912483215, -0.968044102191925, 0.08945173025131226, -0.23428405821323395, 4.159138029535825e-07, -0.9342207312583923, -0.3566954731941223, -2.499992609024048, 0.02500000037252903, 1.0]}, "Camera0083": {"frame": 83, "pose": [-0.2545596659183502, -0.33919885754585266, 0.9056177735328674, -0.9670570492744446, 0.08928786218166351, -0.2383868545293808, -1.2446371044916305e-07, -0.936467707157135, -0.3507537543773651, -2.499992609024048, 0.03750000149011612, 1.0]}, "Camera0084": {"frame": 84, "pose": [-0.25795602798461914, -0.3306741714477539, 0.9078068733215332, -0.9661566615104675, 0.08828724175691605, -0.2423771321773529, 9.562670300056197e-08, -0.939606249332428, -0.3422572910785675, -2.499401092529297, 0.05000000074505806, 1.0]}, "Camera0085": {"frame": 85, "pose": [-0.2614474594593048, -0.3203507363796234, 0.9105057120323181, -0.9652177095413208, 0.08677302300930023, -0.24662768840789795, 3.031034268019539e-08, -0.9433164000511169, -0.33189478516578674, -2.4955127239227295, 0.0625, 1.0]}, "Camera0086": {"frame": 86, "pose": [-0.26570993661880493, -0.30905431509017944, 0.9131723046302795, -0.9640530347824097, 0.08518093079328537, -0.2516862750053406, -1.405181393465682e-07, -0.9472220540046692, -0.3205781579017639, -2.483506441116333, 0.07500000298023224, 1.0]}, "Camera0087": {"frame": 87, "pose": [-0.27153468132019043, -0.2976650297641754, 0.9152401089668274, -0.962428629398346, 0.0839817225933075, -0.2582211196422577, -3.9639054705276067e-08, -0.9509692788124084, -0.30928531289100647, -2.457519769668579, 0.08749999850988388, 1.0]}, "Camera0088": {"frame": 88, "pose": [-0.2797595262527466, -0.28699159622192383, 0.9161716103553772, -0.9600701332092285, 0.08362819254398346, -0.26696765422821045, -3.069683884859842e-07, -0.9542757272720337, -0.29892784357070923, -2.4120097160339355, 0.10000000149011612, 1.0]}, "Camera0089": {"frame": 89, "pose": [-0.29121771454811096, -0.27769508957862854, 0.9154658317565918, -0.956656813621521, 0.08453381806612015, -0.27867865562438965, -1.1983600245457637e-07, -0.9569427967071533, -0.2902766466140747, -2.343148946762085, 0.11249999701976776, 1.0]}, "Camera0090": {"frame": 90, "pose": [-0.3066936433315277, -0.2702481150627136, 0.9126362800598145, -0.9518082737922668, 0.08707979321479797, -0.29407158493995667, 1.1431272639583767e-07, -0.9588446617126465, -0.2839312255382538, -2.25, 0.125, 1.0]}, "Camera0091": {"frame": 91, "pose": [-0.326850950717926, -0.26491618156433105, 0.9071868062019348, -0.9450758695602417, 0.0916202962398529, -0.3137471377849579, -2.9722812655563757e-08, -0.9599089026451111, -0.28031209111213684, -2.135237455368042, 0.13750000298023224, 1.0]}, "Camera0092": {"frame": 92, "pose": [-0.35207903385162354, -0.2617434561252594, 0.8986271023750305, -0.9359702467918396, 0.0984586849808693, -0.3380318582057953, -1.692164985911404e-08, -0.9601022005081177, -0.2796493470668793, -2.0052731037139893, 0.15000000596046448, 1.0]}, "Camera0093": {"frame": 93, "pose": [-0.38222166895866394, -0.2605326175689697, 0.8865829706192017, -0.9240706562995911, 0.10776359587907791, -0.3667156994342804, 3.1879018536074e-08, -0.9594320058822632, -0.28194013237953186, -1.869734525680542, 0.16249999403953552, 1.0]}, "Camera0094": {"frame": 94, "pose": [-0.4161711037158966, -0.26085081696510315, 0.8710674047470093, -0.9092863202095032, 0.11938841640949249, -0.39867883920669556, 3.4034329132737184e-07, -0.9579682946205139, -0.28687408566474915, -1.7403615713119507, 0.17499999701976776, 1.0]}, "Camera0095": {"frame": 95, "pose": [-0.451468288898468, -0.26212409138679504, 0.852916955947876, -0.8922871947288513, 0.13262616097927094, -0.43154826760292053, 1.0259259397571441e-07, -0.9558772444725037, -0.29376646876335144, -1.6294872760772705, 0.1875, 1.0]}, "Camera0096": {"frame": 96, "pose": [-0.48422327637672424, -0.2638641595840454, 0.8342083096504211, -0.8749444484710693, 0.14603114128112793, -0.46167856454849243, 1.9294962072535782e-08, -0.9534414410591125, -0.301578164100647, -1.548344612121582, 0.20000000298023224, 1.0]}, "Camera0097": {"frame": 97, "pose": [-0.5097694396972656, -0.2659246623516083, 0.8181803822517395, -0.8603110313415527, 0.15757118165493011, -0.4848053455352783, 3.6986030238495005e-08, -0.95102858543396, -0.3091028928756714, -1.505470633506775, 0.21250000596046448, 1.0]}, "Camera0098": {"frame": 98, "pose": [-0.5240572094917297, -0.2685251235961914, 0.8082439303398132, -0.8516830801963806, 0.16522859036922455, -0.49732834100723267, 1.4246498380998673e-07, -0.9489961862564087, -0.3152875304222107, -1.505470633506775, 0.22499999403953552, 1.0]}, "Camera0099": {"frame": 99, "pose": [-0.5251451730728149, -0.27192696928977966, 0.806398332118988, -0.851012647151947, 0.1678011417388916, -0.4976145327091217, 2.515981805117917e-07, -0.9475750923156738, -0.31953325867652893, -1.548344612121582, 0.23749999701976776, 1.0]}, "Camera0100": {"frame": 100, "pose": [-0.5138874053955078, -0.2760860323905945, 0.8122168779373169, -0.8578576445579529, 0.16538533568382263, -0.48654699325561523, 6.7449292373567e-08, -0.9467968344688416, -0.32183194160461426, -1.6294872760772705, 0.25, 1.0]}, "Camera0101": {"frame": 101, "pose": [-0.493448406457901, -0.2806894779205322, 0.8232387900352478, -0.8697750568389893, 0.15924294292926788, -0.4670471251010895, 2.4561865075156675e-07, -0.9464962482452393, -0.3227148652076721, -1.7403615713119507, 0.26249998807907104, 1.0]}, "Camera0102": {"frame": 102, "pose": [-0.4680207371711731, -0.2854742407798767, 0.8363378643989563, -0.8837174773216248, 0.1511886566877365, -0.4429281949996948, -2.0415738788415183e-07, -0.9463859796524048, -0.3230380117893219, -1.869734525680542, 0.2750000059604645, 1.0]}, "Camera0103": {"frame": 103, "pose": [-0.44148680567741394, -0.2904388904571533, 0.8489609360694885, -0.897267758846283, 0.1429058313369751, -0.41771823167800903, 1.596004182147226e-07, -0.9461623430252075, -0.3236925005912781, -2.0052731037139893, 0.2874999940395355, 1.0]}, "Camera0104": {"frame": 104, "pose": [-0.4166278541088104, -0.29577088356018066, 0.8596166968345642, -0.9090771079063416, 0.13555093109607697, -0.39396029710769653, 1.4970156314575433e-07, -0.9455927014350891, -0.32535284757614136, -2.135237455368042, 0.30000001192092896, 1.0]}, "Camera0105": {"frame": 105, "pose": [-0.39496171474456787, -0.30164796113967896, 0.8677636384963989, -0.9186975955963135, 0.12968286871910095, -0.37306448817253113, 6.09117094541034e-08, -0.9445585608482361, -0.328343003988266, -2.25, 0.3125, 1.0]}, "Camera0106": {"frame": 106, "pose": [-0.37697798013687134, -0.30807003378868103, 0.8734875321388245, -0.9262222051620483, 0.12538635730743408, -0.35551464557647705, -2.5501234457436794e-09, -0.9430647492408752, -0.3326092064380646, -2.343148946762085, 0.32499998807907104, 1.0]}, "Camera0107": {"frame": 107, "pose": [-0.36246857047080994, -0.31479108333587646, 0.8772246837615967, -0.9319959878921509, 0.12242741882801056, -0.3411670923233032, 3.535667758569616e-09, -0.9412322044372559, -0.3377601206302643, -2.4120097160339355, 0.3375000059604645, 1.0]}, "Camera0108": {"frame": 108, "pose": [-0.350818008184433, -0.3213265836238861, 0.8795884847640991, -0.9364436268806458, 0.12037786841392517, -0.32951849699020386, 6.10814723245312e-08, -0.9392861127853394, -0.34313496947288513, -2.457519769668579, 0.3499999940395355, 1.0]}, "Camera0109": {"frame": 109, "pose": [-0.34122297167778015, -0.3270167410373688, 0.8812643885612488, -0.9399823546409607, 0.11871045082807541, -0.3199077248573303, -1.2098473689547973e-07, -0.9375328421592712, -0.3478966951370239, -2.483506441116333, 0.36250001192092896, 1.0]}, "Camera0110": {"frame": 110, "pose": [-0.3328630030155182, -0.3311336040496826, 0.8829228281974792, -0.9429751634597778, 0.11688745021820068, -0.31166505813598633, 1.730050911419312e-07, -0.9363161325454712, -0.3511582911014557, -2.4955127239227295, 0.375, 1.0]}, "Camera0111": {"frame": 111, "pose": [-0.32505002617836, -0.3330167829990387, 0.8851227760314941, -0.9456968307495117, 0.11446254700422287, -0.3042299151420593, 2.6517733431319357e-07, -0.9359477162361145, -0.3521389961242676, -2.499401092529297, 0.38749998807907104, 1.0]}, "Camera0112": {"frame": 112, "pose": [-0.3173506557941437, -0.33221495151519775, 0.8882126808166504, -0.9483082294464111, 0.11117545515298843, -0.297239750623703, 4.437465861428791e-08, -0.9366286396980286, -0.35032379627227783, -2.499992609024048, 0.4000000059604645, 1.0]}, "Camera0113": {"frame": 113, "pose": [-0.30966219305992126, -0.32859501242637634, 0.8922637701034546, -0.9508466124534607, 0.10701347887516022, -0.2905835211277008, 4.2740953887232536e-08, -0.9383887648582458, -0.3455815017223358, -2.499992609024048, 0.4124999940395355, 1.0]}, "Camera0114": {"frame": 114, "pose": [-0.30221909284591675, -0.3223927617073059, 0.8970655202865601, -0.9532384872436523, 0.10221290588378906, -0.284409761428833, -2.5297271832869228e-08, -0.9410714507102966, -0.338207870721817, -2.499401092529297, 0.42500001192092896, 1.0]}, "Camera0115": {"frame": 115, "pose": [-0.2955232858657837, -0.31417718529701233, 0.9021965861320496, -0.9553355574607849, 0.0971873477101326, -0.27908533811569214, 1.5224669880353758e-07, -0.9443767070770264, -0.32886576652526855, -2.4955127239227295, 0.4375, 1.0]}, "Camera0116": {"frame": 116, "pose": [-0.2902393043041229, -0.30474957823753357, 0.9071322083473206, -0.9569541215896606, 0.09242897480726242, -0.2751286029815674, 2.7116879408595196e-08, -0.94793701171875, -0.3184579014778137, -2.483506441116333, 0.44999998807907104, 1.0]}, "Camera0117": {"frame": 117, "pose": [-0.2870852053165436, -0.2950056195259094, 0.9113472104072571, -0.9579050540924072, 0.08841336518526077, -0.2731318175792694, 1.4668451342458866e-07, -0.9513962268829346, -0.3079695403575897, -2.457519769668579, 0.4625000059604645, 1.0]}, "Camera0118": {"frame": 118, "pose": [-0.28675904870033264, -0.2858119606971741, 0.9143745303153992, -0.9580027461051941, 0.08555208146572113, -0.2736998498439789, 4.269108799803689e-08, -0.9544591903686523, -0.29834145307540894, -2.4120097160339355, 0.4749999940395355, 1.0]}, "Camera0119": {"frame": 119, "pose": [-0.28990015387535095, -0.27791765332221985, 0.9158164262771606, -0.9570568799972534, 0.08418329060077667, -0.2774081230163574, 1.7888744707761361e-07, -0.9569090604782104, -0.29038774967193604, -2.343148946762085, 0.48750001192092896, 1.0]}}, "environment": {"name": "bunny_5", "width": 0.024, "resolution_x": 640, "resolution_y": 480, "lens": 0.035, "max_depth": 20.0, "min_depth": 1.0}}