{"cameras": {"Camera0000": {"frame": 0, "pose": [-0.22162050008773804, -0.3258945047855377, 0.9190632104873657, -0.9751330018043518, 0.07406647503376007, -0.20887747406959534, 2.4980255375339766e-07, -0.9425003528594971, -0.33420512080192566, -2.200000047683716, 0.0, 1.2999999523162842]}, "Camera0001": {"frame": 1, "pose": [-0.22625114023685455, -0.33470457792282104, 0.914758563041687, -0.9728175401687622, 0.030054889619350433, -0.22961421310901642, 0.04935996234416962, -0.9418436884880066, -0.3324064314365387, -2.200411081314087, 0.07850393652915955, 1.299588918685913]}, "Camera0002": {"frame": 2, "pose": [-0.2300291508436203, -0.3442325294017792, 0.9102694988250732, -0.9681687951087952, -0.013888302259147167, -0.24991263449192047, 0.09867015480995178, -0.9387816786766052, -0.33008047938346863, -2.201643466949463, 0.15679270029067993, 1.298356533050537]}, "Camera0003": {"frame": 3, "pose": [-0.2328076958656311, -0.35442668199539185, 0.9056391716003418, -0.9612229466438293, -0.057685159146785736, -0.2696717083454132, 0.14782078564167023, -0.9333028197288513, -0.327253520488739, -2.203693389892578, 0.23465169966220856, 1.2963064908981323]}, "Camera0004": {"frame": 4, "pose": [-0.23445209860801697, -0.36521849036216736, 0.9009149074554443, -0.9520197510719299, -0.10125744342803955, -0.28879988193511963, 0.19669939577579498, -0.9253985285758972, -0.3239551782608032, -2.2065556049346924, 0.31186753511428833, 1.293444275856018]}, "Camera0005": {"frame": 5, "pose": [-0.2348407357931137, -0.3765251338481903, 0.8961465358734131, -0.9406017065048218, -0.14452585577964783, -0.30721449851989746, 0.2451903223991394, -0.9150634407997131, -0.32021960616111755, -2.2102222442626953, 0.38822856545448303, 1.2897777557373047]}, "Camera0006": {"frame": 6, "pose": [-0.23387077450752258, -0.38824769854545593, 0.891385555267334, -0.9270131587982178, -0.18740901350975037, -0.3248452842235565, 0.2931741178035736, -0.9022979736328125, -0.3160812258720398, -2.2146830558776855, 0.4635255038738251, 1.2853169441223145]}, "Camera0007": {"frame": 7, "pose": [-0.2314550280570984, -0.4002758860588074, 0.8866835832595825, -0.911300539970398, -0.22982512414455414, -0.3416309356689453, 0.34052878618240356, -0.8871074318885803, -0.3115774691104889, -2.219925880432129, 0.5375519394874573, 1.280074119567871]}, "Camera0008": {"frame": 8, "pose": [-0.22752588987350464, -0.41248688101768494, 0.8820921182632446, -0.8935118317604065, -0.27169069647789, -0.35752037167549133, 0.38712868094444275, -0.8695048689842224, -0.3067452311515808, -2.2259364128112793, 0.6101049780845642, 1.2740635871887207]}, "Camera0009": {"frame": 9, "pose": [-0.22203481197357178, -0.4247494041919708, 0.8776608109474182, -0.8736954927444458, -0.3129224479198456, -0.3724724054336548, 0.43284720182418823, -0.849510133266449, -0.3016219735145569, -2.2326979637145996, 0.6809857487678528, 1.2673019170761108]}, "Camera0010": {"frame": 10, "pose": [-0.21495364606380463, -0.4369247555732727, 0.873436689376831, -0.8519008755683899, -0.35343629121780396, -0.3864552974700928, 0.47755610942840576, -0.8271514773368835, -0.29624417424201965, -2.240192413330078, 0.75, 1.2598075866699219]}, "Camera0011": {"frame": 11, "pose": [-0.2062714695930481, -0.44886842370033264, 0.8694649338722229, -0.828177809715271, -0.39314958453178406, -0.39944323897361755, 0.5211272239685059, -0.8024653196334839, -0.29064732789993286, -2.248398780822754, 0.8169585466384888, 1.251601219177246]}, "Camera0012": {"frame": 12, "pose": [-0.19599922001361847, -0.4604325294494629, 0.8657864332199097, -0.8025763034820557, -0.4319784939289093, -0.4114193022251129, 0.563431978225708, -0.775497555732727, -0.28486478328704834, -2.2572948932647705, 0.8816778659820557, 1.2427051067352295]}, "Camera0013": {"frame": 13, "pose": [-0.18416544795036316, -0.4714685082435608, 0.8624387383460999, -0.7751464247703552, -0.46984025835990906, -0.42237210273742676, 0.604343593120575, -0.746302604675293, -0.2789287567138672, -2.2668561935424805, 0.9439805746078491, 1.2331438064575195]}, "Camera0014": {"frame": 14, "pose": [-0.1708163321018219, -0.48182764649391174, 0.8594555854797363, -0.7459378838539124, -0.5066536664962769, -0.43229472637176514, 0.6437378525733948, -0.7149434685707092, -0.2728687822818756, -2.2770564556121826, 1.0036959648132324, 1.2229434251785278]}, "Camera0015": {"frame": 15, "pose": [-0.15601500868797302, -0.49136319756507874, 0.856867253780365, -0.7150012254714966, -0.5423378348350525, -0.44118356704711914, 0.6814929246902466, -0.6814923882484436, -0.2667124271392822, -2.287868022918701, 1.0606601238250732, 1.2121319770812988]}, "Camera0016": {"frame": 16, "pose": [-0.1398434340953827, -0.49993276596069336, 0.8546993732452393, -0.682386577129364, -0.5768115520477295, -0.44904008507728577, 0.7174903154373169, -0.6460306644439697, -0.26048406958580017, -2.2992608547210693, 1.1147172451019287, 1.2007391452789307]}, "Camera0017": {"frame": 17, "pose": [-0.12239658832550049, -0.5073999166488647, 0.8529738187789917, -0.6481447219848633, -0.6099951863288879, -0.4558665156364441, 0.7516165971755981, -0.6086469888687134, -0.2542072534561157, -2.311203956604004, 1.165718913078308, 1.1887961626052856]}, "Camera0018": {"frame": 18, "pose": [-0.10378383100032806, -0.5136343836784363, 0.851709246635437, -0.6123262047767639, -0.6418105363845825, -0.4616663455963135, 0.7837637066841125, -0.5694374442100525, -0.24790224432945251, -2.323664426803589, 1.2135255336761475, 1.1763355731964111]}, "Camera0019": {"frame": 19, "pose": [-0.0841296836733818, -0.518514096736908, 0.8509203195571899, -0.5749830007553101, -0.6721785664558411, -0.46644461154937744, 0.8138284683227539, -0.5285065174102783, -0.2415865957736969, -2.3366081714630127, 1.2580058574676514, 1.1633917093276978]}, "Camera0020": {"frame": 20, "pose": [-0.06356877833604813, -0.5219271183013916, 0.8506180644035339, -0.536167323589325, -0.7010214328765869, -0.4702058732509613, 0.8417146801948547, -0.4859640300273895, -0.2352771908044815, -2.3499999046325684, 1.299038052558899, 1.149999976158142]}, "Camera0021": {"frame": 21, "pose": [-0.04224970564246178, -0.5237724781036377, 0.8508098125457764, -0.4959340989589691, -0.7282596826553345, -0.4729557931423187, 0.8673317432403564, -0.44192785024642944, -0.22898787260055542, -2.363802909851074, 1.3365098237991333, 1.1361972093582153]}, "Camera0022": {"frame": 22, "pose": [-0.020327024161815643, -0.5239584445953369, 0.8515012264251709, -0.4543389678001404, -0.7538169622421265, -0.4746958315372467, 0.8905969262123108, -0.39651933312416077, -0.22273187339305878, -2.377979040145874, 1.3703181743621826, 1.122020959854126]}, "Camera0023": {"frame": 23, "pose": [0.00203081127256155, -0.5224082469940186, 0.8526930809020996, -0.4114404618740082, -0.7776135206222534, -0.47543030977249146, 0.9114343523979187, -0.34986692667007446, -0.2165190726518631, -2.3924896717071533, 1.4003705978393555, 1.1075103282928467]}, "Camera0024": {"frame": 24, "pose": [0.024650665000081062, -0.5190567970275879, 0.854384183883667, -0.36730027198791504, -0.79957115650177, -0.4751593768596649, 0.9297757148742676, -0.30210256576538086, -0.21035967767238617, -2.407294988632202, 1.4265847206115723, 1.0927051305770874]}, "Camera0025": {"frame": 25, "pose": [0.04735087230801582, -0.5138540863990784, 0.8565698266029358, -0.3219829797744751, -0.8196106553077698, -0.4738832414150238, 0.9455606341362, -0.25336211919784546, -0.20426154136657715, -2.422354221343994, 1.4488887786865234, 1.0776456594467163]}, "Camera0026": {"frame": 26, "pose": [0.06994448602199554, -0.5067635178565979, 0.8592429757118225, -0.27555787563323975, -0.8376528024673462, -0.4715989828109741, 0.9587364792823792, -0.20378541946411133, -0.19823187589645386, -2.437626600265503, 1.4672213792800903, 1.0623735189437866]}, "Camera0027": {"frame": 27, "pose": [0.0922391340136528, -0.4977652430534363, 0.8623930215835571, -0.22809955477714539, -0.8536174297332764, -0.4683031737804413, 0.9692587852478027, -0.15351557731628418, -0.1922769546508789, -2.4530696868896484, 1.4815324544906616, 1.0469303131103516]}, "Camera0028": {"frame": 28, "pose": [0.11403944343328476, -0.48685500025749207, 0.8660064935684204, -0.1796870082616806, -0.8674246668815613, -0.46399033069610596, 0.977091372013092, -0.10269691795110703, -0.18640214204788208, -2.468641519546509, 1.491782784461975, 1.0313584804534912]}, "Camera0029": {"frame": 29, "pose": [0.13514797389507294, -0.4740445911884308, 0.8700671195983887, -0.13040471076965332, -0.8789949417114258, -0.45865297317504883, 0.9822065234184265, -0.05147482082247734, -0.18061202764511108, -2.4842991828918457, 1.4979443550109863, 1.0157008171081543]}, "Camera0030": {"frame": 30, "pose": [0.15536467730998993, -0.4593636989593506, 0.8745551705360413, -0.08034756779670715, -0.8882482647895813, -0.4522823095321655, 0.9845842123031616, 3.0991046173767245e-07, -0.17491115629673004, -2.5, 1.5, 1.0]}, "Camera0031": {"frame": 31, "pose": [0.17449063062667847, -0.4428603947162628, 0.8794474005699158, -0.029615366831421852, -0.8951056599617004, -0.44486939907073975, 0.9842133522033691, 0.051580388098955154, -0.1693030297756195, -2.5157008171081543, 1.4979443550109863, 0.9842992424964905]}, "Camera0032": {"frame": 32, "pose": [0.19232957065105438, -0.42459896206855774, 0.8847175240516663, 0.021683908998966217, -0.8994901776313782, -0.4364026188850403, 0.981090784072876, 0.10311726480722427, -0.16379159688949585, -2.531358480453491, 1.491782784461975, 0.968641459941864]}, "Camera0033": {"frame": 33, "pose": [0.20868712663650513, -0.40466436743736267, 0.8903350234031677, 0.07343027740716934, -0.9013261198997498, -0.4268713891506195, 0.9752218723297119, 0.1544601023197174, -0.15838053822517395, -2.5469303131103516, 1.4815324544906616, 0.9530696868896484]}, "Camera0034": {"frame": 34, "pose": [0.2233744114637375, -0.38315922021865845, 0.8962661027908325, 0.12549686431884766, -0.9005413055419922, -0.41626423597335815, 0.9666200876235962, 0.20546135306358337, -0.15307259559631348, -2.562373399734497, 1.4672213792800903, 0.9376264810562134]}, "Camera0035": {"frame": 35, "pose": [0.236210897564888, -0.3602055609226227, 0.9024723768234253, 0.1777442842721939, -0.8970672488212585, -0.4045705497264862, 0.9553069472312927, 0.25597327947616577, -0.14787258207798004, -2.577645778656006, 1.4488887786865234, 0.9223542809486389]}, "Camera0036": {"frame": 36, "pose": [0.24702346324920654, -0.33594390749931335, 0.9089120626449585, 0.23002450168132782, -0.8908405303955078, -0.3917803466320038, 0.9413118958473206, 0.3058509826660156, -0.14278319478034973, -2.592705011367798, 1.4265847206115723, 0.9072949290275574]}, "Camera0037": {"frame": 37, "pose": [0.25565099716186523, -0.3105352222919464, 0.9155383110046387, 0.2821744382381439, -0.8818046450614929, -0.37788647413253784, 0.9246730208396912, 0.3549485504627228, -0.1378091424703598, -2.6075103282928467, 1.4003705978393555, 0.8924896121025085]}, "Camera0038": {"frame": 38, "pose": [0.26194649934768677, -0.28415781259536743, 0.9223005771636963, 0.3340229094028473, -0.8699103593826294, -0.3628838062286377, 0.9054350852966309, 0.40312567353248596, -0.13295476138591766, -2.622020959854126, 1.3703181743621826, 0.8779789805412292]}, "Camera0039": {"frame": 39, "pose": [0.2657786011695862, -0.25700879096984863, 0.9291437864303589, 0.38538554310798645, -0.8551185727119446, -0.34677112102508545, 0.8836513757705688, 0.45024293661117554, -0.12822474539279938, -2.636197090148926, 1.3365098237991333, 0.8638028502464294]}, "Camera0040": {"frame": 40, "pose": [0.2670339047908783, -0.22930148243904114, 0.9360094666481018, 0.436067670583725, -0.8374016284942627, -0.3295504152774811, 0.8593822717666626, 0.49616459012031555, -0.12362367659807205, -2.6500000953674316, 1.299038052558899, 0.8500000238418579]}, "Camera0041": {"frame": 41, "pose": [0.26562291383743286, -0.20126546919345856, 0.9428343772888184, 0.4858633279800415, -0.8167449235916138, -0.31123068928718567, 0.8326951861381531, 0.5407586693763733, -0.11915865540504456, -2.6633918285369873, 1.2580058574676514, 0.8366082906723022]}, "Camera0042": {"frame": 42, "pose": [0.2614774703979492, -0.17314471304416656, 0.9495527744293213, 0.5345579981803894, -0.793148934841156, -0.2918262481689453, 0.8036649227142334, 0.5838969945907593, -0.11483469605445862, -2.676335573196411, 1.2135255336761475, 0.8236644268035889]}, "Camera0043": {"frame": 43, "pose": [0.25455760955810547, -0.1451946645975113, 0.9560956954956055, 0.5819281339645386, -0.7666316032409668, -0.2713588774204254, 0.7723730206489563, 0.6254554390907288, -0.11065904796123505, -2.688796043395996, 1.165718913078308, 0.8112038969993591]}, "Camera0044": {"frame": 44, "pose": [0.24485252797603607, -0.11767952889204025, 0.9623922109603882, 0.6277447938919067, -0.7372294664382935, -0.2498583346605301, 0.7389070987701416, 0.6653151512145996, -0.10663978010416031, -2.7007391452789307, 1.1147172451019287, 0.7992607951164246]}, "Camera0045": {"frame": 45, "pose": [0.23238125443458557, -0.09087114781141281, 0.9683704972267151, 0.6717749238014221, -0.704999566078186, -0.22736340761184692, 0.7033615112304688, 0.703361988067627, -0.10278371721506119, -2.712131977081299, 1.0606601238250732, 0.7878679633140564]}, "Camera0046": {"frame": 46, "pose": [0.21719656884670258, -0.06504353135824203, 0.973958432674408, 0.7137835621833801, -0.6700214147567749, -0.2039223611354828, 0.6658368110656738, 0.7394867539405823, -0.09909934550523758, -2.7229435443878174, 1.0036959648132324, 0.7770565748214722]}, "Camera0047": {"frame": 47, "pose": [0.19938470423221588, -0.0404694564640522, 0.9790852665901184, 0.7535386681556702, -0.6323968768119812, -0.17959298193454742, 0.6264384984970093, 0.7735866904258728, -0.09559497237205505, -2.7331438064575195, 0.9439805746078491, 0.7668561935424805]}, "Camera0048": {"frame": 48, "pose": [0.17906774580478668, -0.0174163356423378, 0.9836825728416443, 0.7908132672309875, -0.5922510623931885, -0.1544441282749176, 0.5852769017219543, 0.8055652379989624, -0.09228000044822693, -2.7427051067352295, 0.8816778659820557, 0.7572948932647705]}, "Camera0049": {"frame": 49, "pose": [0.15640059113502502, 0.0038571313489228487, 0.9876861572265625, 0.8253878951072693, -0.5497351884841919, -0.12855373322963715, 0.5424700379371643, 0.835330069065094, -0.08916253596544266, -2.751601219177246, 0.8169585466384888, 0.7483988404273987]}, "Camera0050": {"frame": 50, "pose": [0.1315731406211853, 0.023107966408133507, 0.9910370707511902, 0.8570578694343567, -0.5050204992294312, -0.1020101010799408, 0.4981367886066437, 0.8627979755401611, -0.08625199645757675, -2.759807586669922, 0.75, 0.7401923537254333]}, "Camera0051": {"frame": 51, "pose": [0.10480614751577377, 0.04011174291372299, 0.993683397769928, 0.8856337666511536, -0.45830270648002625, -0.07490971684455872, 0.4524030387401581, 0.8878905773162842, -0.08355725556612015, -2.7673020362854004, 0.6809857487678528, 0.7326980233192444]}, "Camera0052": {"frame": 52, "pose": [0.07635000348091125, 0.05466647446155548, 0.9955813884735107, 0.9109466671943665, -0.40979674458503723, -0.04735789820551872, 0.40539711713790894, 0.9105373024940491, -0.08108622580766678, -2.7740635871887207, 0.6101049780845642, 0.7259363532066345]}, "Camera0053": {"frame": 53, "pose": [0.0464806854724884, 0.06659772992134094, 0.9966967105865479, 0.9328505992889404, -0.3597371280193329, -0.019466165453195572, 0.3572523891925812, 0.9306738972663879, -0.07884655892848969, -2.780074119567871, 0.5375519394874573, 0.7199258804321289]}, "Camera0054": {"frame": 54, "pose": [0.015495515428483486, 0.07576266676187515, 0.9970054626464844, 0.9512265920639038, -0.30837172269821167, 0.008649216964840889, 0.3081035614013672, 0.9482440948486328, -0.07684583961963654, -2.7853169441223145, 0.4635255038738251, 0.7146830558776855]}, "Camera0055": {"frame": 55, "pose": [-0.016291538253426552, 0.08205131441354752, 0.9964949488639832, 0.9659839868545532, -0.2559603452682495, 0.03686847165226936, 0.25808829069137573, 0.9631987810134888, -0.07509026676416397, -2.7897777557373047, 0.38822856545448303, 0.7102222442626953]}, "Camera0056": {"frame": 56, "pose": [-0.04855497181415558, 0.08538958430290222, 0.9951637983322144, 0.9770614504814148, -0.2027726024389267, 0.06507055461406708, 0.2073483020067215, 0.9754956960678101, -0.07358525693416595, -2.7934443950653076, 0.31186753511428833, 0.7065557241439819]}, "Camera0057": {"frame": 57, "pose": [-0.08096446096897125, 0.08574027568101883, 0.9930223226547241, 0.9844292998313904, -0.14907944202423096, 0.093135766685009, 0.15602469444274902, 0.9851009845733643, -0.07233510166406631, -2.796306610107422, 0.23465169966220856, 0.7036935091018677]}, "Camera0058": {"frame": 58, "pose": [-0.11318816244602203, 0.08310406655073166, 0.9900919795036316, 0.9880880117416382, -0.09515365213155746, 0.12094585597515106, 0.10426196455955505, 0.9919876456260681, -0.07134386152029037, -2.798356533050537, 0.15679270029067993, 0.7016434073448181]}, "Camera0059": {"frame": 59, "pose": [-0.1449018120765686, 0.07751677185297012, 0.9864048957824707, 0.9880678057670593, -0.041264016181230545, 0.1483888328075409, 0.0522056519985199, 0.9961367249488831, -0.0706125944852829, -2.799588918685913, 0.07850393652915955, 0.7004111409187317]}, "Camera0060": {"frame": 60, "pose": [-0.17579063773155212, 0.06905069202184677, 0.982002854347229, 0.9844275712966919, 0.012330499477684498, 0.1753576546907425, -1.8390769795928463e-08, 0.9975369572639465, -0.07014299184083939, -2.799999952316284, 1.8369701465288538e-16, 0.699999988079071]}, "Camera0061": {"frame": 61, "pose": [-0.20555593073368073, 0.057810742408037186, 0.976936399936676, 0.9772518277168274, 0.06537929177284241, 0.20175345242023468, -0.05220789462327957, 0.9961844682693481, -0.06993475556373596, -2.799588918685913, -0.07850393652915955, 0.7004111409187317]}, "Camera0062": {"frame": 62, "pose": [-0.23391889035701752, 0.04393254593014717, 0.97126305103302, 0.966648519039154, 0.11764668673276901, 0.22748608887195587, -0.10427183657884598, 0.9920832514762878, -0.06998711079359055, -2.798356533050537, -0.15679270029067993, 0.7016434073448181]}, "Camera0063": {"frame": 63, "pose": [-0.260623961687088, 0.027577899396419525, 0.9650464057922363, 0.952745795249939, 0.16891376674175262, 0.25247499346733093, -0.15604689717292786, 0.9852449297904968, -0.07029770314693451, -2.796306610107422, -0.23465169966220856, 0.7036935091018677]}, "Camera0064": {"frame": 64, "pose": [-0.28544166684150696, 0.008931910619139671, 0.9583544731140137, 0.9356884956359863, 0.2189793884754181, 0.2766498029232025, -0.20738886296749115, 0.9756885766983032, -0.07086332142353058, -2.7934443950653076, -0.31186753511428833, 0.7065557241439819]}, "Camera0065": {"frame": 65, "pose": [-0.30817142128944397, -0.011799200437963009, 0.9512576460838318, 0.91563481092453, 0.2676607072353363, 0.2999509871006012, -0.2581534683704376, 0.963441014289856, -0.07168161869049072, -2.7897777557373047, -0.38822856545448303, 0.7102222442626953]}, "Camera0066": {"frame": 66, "pose": [-0.32863950729370117, -0.03439509496092796, 0.9438289403915405, 0.8927542567253113, 0.3147936761379242, 0.3223271369934082, -0.30819782614707947, 0.94853675365448, -0.07274726778268814, -2.7853169441223145, -0.4635255038738251, 0.7146830558776855]}, "Camera0067": {"frame": 67, "pose": [-0.3467041552066803, -0.058623697608709335, 0.936140775680542, 0.8672215938568115, 0.3602367341518402, 0.3437386155128479, -0.35738351941108704, 0.9310170412063599, -0.07405583560466766, -2.780074119567871, -0.5375519394874573, 0.7199258804321289]}, "Camera0068": {"frame": 68, "pose": [-0.36225295066833496, -0.08424343913793564, 0.9282649755477905, 0.8392161726951599, 0.4038662016391754, 0.36415424942970276, -0.40557244420051575, 0.9109309315681458, -0.07560326904058456, -2.7740635871887207, -0.6101049780845642, 0.7259363532066345]}, "Camera0069": {"frame": 69, "pose": [-0.3752022683620453, -0.11100836843252182, 0.9202719330787659, 0.8089191913604736, 0.44557660818099976, 0.38355082273483276, -0.4526289701461792, 0.8883347511291504, -0.07738453894853592, -2.7673020362854004, -0.6809857487678528, 0.7326980233192444]}, "Camera0070": {"frame": 70, "pose": [-0.38549643754959106, -0.13867221772670746, 0.9122294187545776, 0.7765105366706848, 0.4852805733680725, 0.4019131362438202, -0.49842140078544617, 0.86329185962677, -0.07939348369836807, -2.759807586669922, -0.75, 0.7401923537254333]}, "Camera0071": {"frame": 71, "pose": [-0.393108069896698, -0.16698865592479706, 0.9042017459869385, 0.74216628074646, 0.5229080319404602, 0.4192330539226532, -0.5428215265274048, 0.8358719944953918, -0.08162601292133331, -2.751601219177246, -0.8169585466384888, 0.7483988404273987]}, "Camera0072": {"frame": 72, "pose": [-0.3980334997177124, -0.19571365416049957, 0.8962507843971252, 0.7060598731040955, 0.5584030151367188, 0.4355059862136841, -0.5857036709785461, 0.8061527013778687, -0.08407754451036453, -2.7427051067352295, -0.8816778659820557, 0.7572948932647705]}, "Camera0073": {"frame": 73, "pose": [-0.40029487013816833, -0.22461135685443878, 0.8884333372116089, 0.6683562994003296, 0.591724693775177, 0.4507346451282501, -0.6269480586051941, 0.7742167711257935, -0.08674393594264984, -2.7331438064575195, -0.9439805746078491, 0.7668561935424805]}, "Camera0074": {"frame": 74, "pose": [-0.39993447065353394, -0.25345149636268616, 0.8808034658432007, 0.6292160153388977, 0.622843325138092, 0.4649229645729065, -0.6664379835128784, 0.7401543855667114, -0.08962077647447586, -2.7229435443878174, -1.0036959648132324, 0.7770565748214722]}, "Camera0075": {"frame": 75, "pose": [-0.3970165252685547, -0.28201329708099365, 0.8734107613563538, 0.5887911915779114, 0.6517403721809387, 0.4780789017677307, -0.7040616869926453, 0.7040618062019348, -0.09270476549863815, -2.712131977081299, -1.0606601238250732, 0.7878679633140564]}, "Camera0076": {"frame": 76, "pose": [-0.39162322878837585, -0.3100874125957489, 0.8663007616996765, 0.5472255945205688, 0.6784067153930664, 0.49021270871162415, -0.7397130131721497, 0.6660406589508057, -0.09599204361438751, -2.7007391452789307, -1.1147172451019287, 0.7992607951164246]}, "Camera0077": {"frame": 77, "pose": [-0.38385385274887085, -0.33747270703315735, 0.8595163822174072, 0.5046555399894714, 0.7028425931930542, 0.5013332962989807, -0.7732910513877869, 0.626198410987854, -0.09948138147592545, -2.688796043395996, -1.165718913078308, 0.8112038969993591]}, "Camera0078": {"frame": 78, "pose": [-0.37382373213768005, -0.36398330330848694, 0.853095531463623, 0.46120932698249817, 0.7250530123710632, 0.5114529132843018, -0.8046997785568237, 0.584648847579956, -0.1031695231795311, -2.676335573196411, -1.2135255336761475, 0.8236644268035889]}, "Camera0079": {"frame": 79, "pose": [-0.36166179180145264, -0.3894437849521637, 0.8470739722251892, 0.4170064330101013, 0.7450509071350098, 0.5205811858177185, -0.8338503241539001, 0.5415096282958984, -0.10705588757991791, -2.6633918285369873, -1.2580058574676514, 0.8366082906723022]}, "Camera0080": {"frame": 80, "pose": [-0.34750881791114807, -0.4136928617954254, 0.8414843082427979, 0.3721579611301422, 0.7628539800643921, 0.5287269949913025, -0.8606602549552917, 0.49690237641334534, -0.11113940179347992, -2.6500000953674316, -1.299038052558899, 0.8500000238418579]}, "Camera0081": {"frame": 81, "pose": [-0.33151865005493164, -0.4365816116333008, 0.8363563418388367, 0.32677018642425537, 0.7784823775291443, 0.5358977913856506, -0.8850517868995667, 0.45095640420913696, -0.11541956663131714, -2.636197090148926, -1.3365098237991333, 0.8638028502464294]}, "Camera0082": {"frame": 82, "pose": [-0.3138546347618103, -0.45797592401504517, 0.8317170739173889, 0.28093984723091125, 0.7919604778289795, 0.542099118232727, -0.906955361366272, 0.4038028120994568, -0.1198967695236206, -2.622020959854126, -1.3703181743621826, 0.8779789805412292]}, "Camera0083": {"frame": 83, "pose": [-0.2946891188621521, -0.4777562916278839, 0.8275912404060364, 0.2347571849822998, 0.8033146262168884, 0.5473341941833496, -0.9263084530830383, 0.35557642579078674, -0.12457134574651718, -2.6075103282928467, -1.4003705978393555, 0.8924896121025085]}, "Camera0084": {"frame": 84, "pose": [-0.27420347929000854, -0.49581483006477356, 0.8240025043487549, 0.18830792605876923, 0.8125737905502319, 0.5516012907028198, -0.9430549144744873, 0.30641716718673706, -0.1294446885585785, -2.592705011367798, -1.4265847206115723, 0.9072949290275574]}, "Camera0085": {"frame": 85, "pose": [-0.2525865435600281, -0.5120612978935242, 0.820970892906189, 0.1416705846786499, 0.8197669386863708, 0.5548978447914124, -0.9571465253829956, 0.25646716356277466, -0.1345180720090866, -2.577645778656006, -1.4488887786865234, 0.9223542809486389]}, "Camera0086": {"frame": 86, "pose": [-0.23003394901752472, -0.5264179110527039, 0.8185160756111145, 0.09491854161024094, 0.8249250650405884, 0.5572155117988586, -0.9685426354408264, 0.2058708220720291, -0.13979394733905792, -2.562373399734497, -1.4672213792800903, 0.9376264810562134]}, "Camera0087": {"frame": 87, "pose": [-0.2067463994026184, -0.5388215184211731, 0.8166561722755432, 0.048121217638254166, 0.8280798196792603, 0.5585411190986633, -0.9772104620933533, 0.15477485954761505, -0.14527375996112823, -2.5469303131103516, -1.4815324544906616, 0.9530696868896484]}, "Camera0088": {"frame": 88, "pose": [-0.18293248116970062, -0.5492245554924011, 0.8154067397117615, 0.0013459360925480723, 0.8292617797851562, 0.5588586926460266, -0.9831245541572571, 0.10333089530467987, -0.15095970034599304, -2.531358480453491, -1.491782784461975, 0.968641459941864]}, "Camera0089": {"frame": 89, "pose": [-0.1588040441274643, -0.5575945973396301, 0.814781904220581, -0.0453459769487381, 0.8285025954246521, 0.5581462383270264, -0.9862682223320007, 0.05168880149722099, -0.15685424208641052, -2.5157008171081543, -1.4979443550109863, 0.9842992424964905]}, "Camera0090": {"frame": 90, "pose": [-0.13457684218883514, -0.5639138221740723, 0.814794659614563, -0.09189461916685104, 0.8258336782455444, 0.5563759207725525, -0.9866328835487366, 7.204102558944214e-08, -0.16295874118804932, -2.5, -1.5, 1.0]}, "Camera0091": {"frame": 91, "pose": [-0.110472671687603, -0.568181037902832, 0.8154545426368713, -0.13824056088924408, 0.8212854266166687, 0.5535157918930054, -0.9842181205749512, -0.051580529659986496, -0.16927526891231537, -2.4842991828918457, -1.4979443550109863, 1.0157008171081543]}, "Camera0092": {"frame": 92, "pose": [-0.08671478927135468, -0.5704101920127869, 0.8167697191238403, -0.18432627618312836, 0.8148888349533081, 0.5495270490646362, -0.9790323376655579, -0.10289999842643738, -0.1758044958114624, -2.468641519546509, -1.491782784461975, 1.0313584804534912]}, "Camera0093": {"frame": 93, "pose": [-0.06352905184030533, -0.570628821849823, 0.8187471032142639, -0.23009411990642548, 0.8066761493682861, 0.5443622469902039, -0.9710925817489624, -0.15380607545375824, -0.1825457066297531, -2.4530696868896484, -1.4815324544906616, 1.0469303131103516]}, "Camera0094": {"frame": 94, "pose": [-0.041144486516714096, -0.568886399269104, 0.8213862776756287, -0.2754842936992645, 0.7966764569282532, 0.5379731059074402, -0.9604246616363525, -0.20414438843727112, -0.18949811160564423, -2.437626600265503, -1.4672213792800903, 1.0623735189437866]}, "Camera0095": {"frame": 95, "pose": [-0.019790511578321457, -0.5652436017990112, 0.8246866464614868, -0.32043594121932983, 0.7849225401878357, 0.5302994251251221, -0.9470634460449219, -0.2537643313407898, -0.19665837287902832, -2.422354221343994, -1.4488887786865234, 1.0776456594467163]}, "Camera0096": {"frame": 96, "pose": [0.00030390266329050064, -0.559780478477478, 0.828640878200531, -0.36488527059555054, 0.7714461088180542, 0.5212768912315369, -0.9310524463653564, -0.302517294883728, -0.20402120053768158, -2.407294988632202, -1.4265847206115723, 1.0927051305770874]}, "Camera0097": {"frame": 97, "pose": [0.018910260871052742, -0.5525946021080017, 0.8332356214523315, -0.40876197814941406, 0.756280779838562, 0.5108356475830078, -0.912445068359375, -0.3502551019191742, -0.21157820522785187, -2.3924896717071533, -1.4003705978393555, 1.1075103282928467]}, "Camera0098": {"frame": 98, "pose": [0.03580251708626747, -0.5437999367713928, 0.8384508490562439, -0.4519904851913452, 0.7394624352455139, 0.4988986849784851, -0.8913039565086365, -0.3968336284160614, -0.21931777894496918, -2.377979040145874, -1.3703181743621826, 1.122020959854126]}, "Camera0099": {"frame": 99, "pose": [0.05076032504439354, -0.5335277915000916, 0.8442579507827759, -0.49449002742767334, 0.7210285067558289, 0.48538389801979065, -0.8676998615264893, -0.4421153962612152, -0.22722454369068146, -2.363802909851074, -1.3365098237991333, 1.1361972093582153]}, "Camera0100": {"frame": 100, "pose": [0.06356906145811081, -0.5219273567199707, 0.8506178855895996, -0.5361673831939697, 0.701021134853363, 0.47020620107650757, -0.84171462059021, -0.4859641492366791, -0.2352771759033203, -2.3499999046325684, -1.299038052558899, 1.149999976158142]}, "Camera0101": {"frame": 101, "pose": [0.07402408868074417, -0.5091636180877686, 0.857480525970459, -0.5769217014312744, 0.6794863343238831, 0.4532765746116638, -0.8134382367134094, -0.5282525420188904, -0.24344918131828308, -2.3366081714630127, -1.2580058574676514, 1.1633917093276978]}, "Camera0102": {"frame": 102, "pose": [0.08193401992321014, -0.49541786313056946, 0.8647820353507996, -0.6166402101516724, 0.6564748287200928, 0.43450620770454407, -0.7829697728157043, -0.5688602328300476, -0.25170695781707764, -2.323664426803589, -1.2135255336761475, 1.1763355731964111]}, "Camera0103": {"frame": 103, "pose": [0.0871247872710228, -0.4808870255947113, 0.8724430799484253, -0.6551977396011353, 0.6320425271987915, 0.41380926966667175, -0.75041663646698, -0.6076757907867432, -0.2600095272064209, -2.311203956604004, -1.165718913078308, 1.1887961626052856]}, "Camera0104": {"frame": 104, "pose": [0.08944288641214371, -0.4657815992832184, 0.8803678154945374, -0.6924536824226379, 0.6062541007995605, 0.3911059498786926, -0.7158965468406677, -0.6445955634117126, -0.26830706000328064, -2.2992608547210693, -1.1147172451019287, 1.2007391452789307]}, "Camera0105": {"frame": 105, "pose": [0.08876387774944305, -0.4503227770328522, 0.8884426355361938, -0.7282566428184509, 0.5791780948638916, 0.36632636189460754, -0.6795316338539124, -0.6795307993888855, -0.27654048800468445, -2.287868022918701, -1.0606601238250732, 1.2121319770812988]}, "Camera0106": {"frame": 106, "pose": [0.08499550074338913, -0.4347411096096039, 0.8965355157852173, -0.7624406814575195, 0.5508908033370972, 0.3394164741039276, -0.6414514780044556, -0.7124040126800537, -0.2846410572528839, -2.2770564556121826, -1.0036959648132324, 1.2229434251785278]}, "Camera0107": {"frame": 107, "pose": [0.07808451354503632, -0.41927370429039, 0.9044956564903259, -0.7948267459869385, 0.5214758515357971, 0.31034398078918457, -0.6017917394638062, -0.7431503534317017, -0.29253074526786804, -2.2668561935424805, -0.9439805746078491, 1.2331438064575195]}, "Camera0108": {"frame": 108, "pose": [0.06802530586719513, -0.40415915846824646, 0.9121556282043457, -0.8252272009849548, 0.49102017283439636, 0.2791043817996979, -0.5606894493103027, -0.7717217803001404, -0.30012133717536926, -2.2572948932647705, -0.8816778659820557, 1.2427051067352295]}, "Camera0109": {"frame": 109, "pose": [0.054865024983882904, -0.3896358609199524, 0.919333279132843, -0.8534479737281799, 0.45961302518844604, 0.2457282543182373, -0.5182821154594421, -0.7980850338935852, -0.30731725692749023, -2.248398780822754, -0.8169585466384888, 1.251601219177246]}, "Camera0110": {"frame": 110, "pose": [0.03870769962668419, -0.37593701481819153, 0.925836443901062, -0.8792912364006042, 0.42734798789024353, 0.21028688549995422, -0.4747089445590973, -0.8222196102142334, -0.3140164613723755, -2.240192413330078, -0.75, 1.2598075866699219]}, "Camera0111": {"frame": 111, "pose": [0.019722092896699905, -0.36328721046447754, 0.9314684271812439, -0.902565062046051, 0.39431264996528625, 0.17289820313453674, -0.4301014840602875, -0.8441208004951477, -0.3201136887073517, -2.2326979637145996, -0.6809857487678528, 1.2673019170761108]}, "Camera0112": {"frame": 112, "pose": [-0.001858518342487514, -0.3518992066383362, 0.9360360503196716, -0.9230873584747314, 0.36059120297431946, 0.13373008370399475, -0.3845858871936798, -0.8637945055961609, -0.3255038857460022, -2.2259364128112793, -0.6101049780845642, 1.2740635871887207]}, "Camera0113": {"frame": 113, "pose": [-0.025736045092344284, -0.34197163581848145, 0.9393578171730042, -0.9406929612159729, 0.32626256346702576, 0.09300271421670914, -0.3382815718650818, -0.881253719329834, -0.33008700609207153, -2.219925880432129, -0.5375519394874573, 1.280074119567871]}, "Camera0114": {"frame": 114, "pose": [-0.05155091732740402, -0.33368462324142456, 0.9412741661071777, -0.9552428722381592, 0.29139602184295654, 0.05098484829068184, -0.2912963926792145, -0.8965170979499817, -0.33377155661582947, -2.2146830558776855, -0.4635255038738251, 1.2853169441223145]}, "Camera0115": {"frame": 115, "pose": [-0.07888863235712051, -0.32720068097114563, 0.9416561722755432, -0.9666300415992737, 0.25605177879333496, 0.00799037516117096, -0.2437271773815155, -0.9096027612686157, -0.33648157119750977, -2.2102222442626953, -0.38822856545448303, 1.2897777557373047]}, "Camera0116": {"frame": 116, "pose": [-0.10729136317968369, -0.3226601779460907, 0.9404142498970032, -0.9747843146324158, 0.22028613090515137, -0.03563150018453598, -0.19566336274147034, -0.920524001121521, -0.33815887570381165, -2.2065556049346924, -0.31186753511428833, 1.293444275856018]}, "Camera0117": {"frame": 117, "pose": [-0.1362692266702652, -0.3201809525489807, 0.9375045895576477, -0.979677140712738, 0.1841500997543335, -0.07950734347105026, -0.1471848338842392, -0.9292862415313721, -0.338767945766449, -2.203693389892578, -0.23465169966220856, 1.2963064908981323]}, "Camera0118": {"frame": 118, "pose": [-0.16531749069690704, -0.3198556900024414, 0.9329321980476379, -0.981322705745697, 0.14769546687602997, -0.12325500696897507, -0.09836604446172714, -0.9358837604522705, -0.33829832077026367, -2.201643466949463, -0.15679270029067993, 1.298356533050537]}, "Camera0119": {"frame": 119, "pose": [-0.19393102824687958, -0.32174891233444214, 0.9267515540122986, -0.9797766804695129, 0.11097846180200577, -0.1664975881576538, -0.04927903786301613, -0.9402985572814941, -0.33676424622535706, -2.200411081314087, -0.07850393652915955, 1.299588918685913]}}, "environment": {"name": "cube_2", "width": 0.024, "resolution_x": 640, "resolution_y": 480, "lens": 0.035, "max_depth": 20.0, "min_depth": 1.0}}