{"cameras": {"Camera0000": {"frame": 0, "pose": [-1.6292068494294654e-07, -0.3417428731918335, 0.9397934675216675, -1.0, 1.7901477633586182e-07, -1.0826171603639523e-07, -1.3123924702540535e-07, -0.9397934675216675, -0.3417428731918335, -2.200000047683716, -0.0, 1.2999999523162842]}, "Camera0001": {"frame": 1, "pose": [-4.371138828673793e-08, -0.3383735716342926, 0.9410118460655212, -1.0, -1.4134266734799894e-07, -9.727615690735547e-08, 1.659208095361464e-07, -0.9410118460655212, -0.3383735716342926, -2.2065556049346924, -0.009999999776482582, 1.293444275856018]}, "Camera0002": {"frame": 2, "pose": [-4.371138828673793e-08, -0.32845425605773926, 0.9445198774337769, -1.0, 6.04920273872267e-08, -2.5243011236852908e-08, -4.88447504665146e-08, -0.9445198774337769, -0.32845425605773926, -2.2259364128112793, -0.019999999552965164, 1.2740635871887207]}, "Camera0003": {"frame": 3, "pose": [7.549790126404332e-08, -0.31254157423973083, 0.9499040842056274, -1.0, -1.3199621662352e-07, 3.6049527807335835e-08, 1.1411677292016975e-07, -0.9499040842056274, -0.31254157423973083, -2.2572948932647705, -0.029999999329447746, 1.2427051067352295]}, "Camera0004": {"frame": 4, "pose": [-1.6292068494294654e-07, -0.2915284037590027, 0.9565621614456177, -1.0, 2.0827239666232344e-07, -1.0684445328479342e-07, -1.680773067391783e-07, -0.9565621614456177, -0.2915284037590027, -2.2992608547210693, -0.03999999910593033, 1.2007391452789307]}, "Camera0005": {"frame": 5, "pose": [-1.6292068494294654e-07, -0.2665857970714569, 0.9638111591339111, -1.0, 1.2495681289692584e-07, -1.3447547075884358e-07, -8.458551548073956e-08, -0.9638111591339111, -0.2665857970714569, -2.3499999046325684, -0.05000000074505806, 1.149999976158142]}, "Camera0006": {"frame": 6, "pose": [7.549790126404332e-08, -0.23907241225242615, 0.9710017442703247, -1.0, -1.8049465921876617e-08, 7.330859119747402e-08, 0.0, -0.9710017442703247, -0.23907241225242615, -2.407294988632202, -0.05999999865889549, 1.0927051305770874]}, "Camera0007": {"frame": 7, "pose": [-4.371138828673793e-08, -0.21042366325855255, 0.9776102900505066, -1.0, -1.5846583778511558e-07, -7.882113806090274e-08, 1.7150367170870595e-07, -0.9776102900505066, -0.21042366325855255, -2.468641519546509, -0.07000000029802322, 1.0313584804534912]}, "Camera0008": {"frame": 8, "pose": [-1.6292068494294654e-07, -0.18204082548618317, 0.98329097032547, -1.0, -8.70685283871353e-08, -1.8180854510774225e-07, 1.1871027538745693e-07, -0.98329097032547, -0.18204082548618317, -2.531358480453491, -0.07999999821186066, 0.968641459941864]}, "Camera0009": {"frame": 9, "pose": [-4.371138828673793e-08, -0.15518948435783386, 0.9878847002983093, -1.0, 6.090457560503637e-08, -3.4679796812042696e-08, -5.47847598397766e-08, -0.9878847002983093, -0.15518948435783386, -2.592705011367798, -0.09000000357627869, 0.9072949290275574]}, "Camera0010": {"frame": 10, "pose": [7.549790126404332e-08, -0.13093847036361694, 0.9913904666900635, -1.0, -1.278138910265625e-07, 5.927245183556806e-08, 1.1895242835180397e-07, -0.9913904666900635, -0.13093847036361694, -2.6500000953674316, -0.10000000149011612, 0.8500000238418579]}, "Camera0011": {"frame": 11, "pose": [7.549790126404332e-08, -0.11013290286064148, 0.9939168691635132, -1.0, -1.2008415239961323e-07, 6.265381102821266e-08, 1.1245342079746479e-07, -0.9939168691635132, -0.11013290286064148, -2.7007391452789307, -0.10999999940395355, 0.7992607951164246]}, "Camera0012": {"frame": 12, "pose": [7.549790126404332e-08, -0.09340047836303711, 0.9956285953521729, -1.0, -1.5027035171755188e-09, 7.568841198235532e-08, -5.573198791353207e-09, -0.9956285953521729, -0.09340047836303711, -2.7427051067352295, -0.11999999731779099, 0.7572948932647705]}, "Camera0013": {"frame": 13, "pose": [7.549790126404332e-08, -0.08117705583572388, 0.9966996908187866, -1.0, -1.3021461686690827e-09, 7.564183590602624e-08, -4.8425330412271705e-09, -0.9966996908187866, -0.08117705583572388, -2.7740635871887207, -0.12999999523162842, 0.7259363532066345]}, "Camera0014": {"frame": 14, "pose": [-4.371138828673793e-08, -0.07374151051044464, 0.9972773790359497, -1.0, -4.9598991580523943e-08, -4.7498215138830346e-08, 5.296654137509904e-08, -0.9972773790359497, -0.07374151051044464, -2.7934443950653076, -0.14000000059604645, 0.7065557241439819]}, "Camera0015": {"frame": 15, "pose": [-4.371138828673793e-08, -0.07124695926904678, 0.9974586963653564, -1.0, 6.464896529223552e-08, -3.920498059528654e-08, -6.169143773604446e-08, -0.9974586963653564, -0.07124695926904678, -2.799999952316284, -0.15000000596046448, 0.699999988079071]}, "Camera0016": {"frame": 16, "pose": [-4.371138828673793e-08, -0.07374151051044464, 0.9972773790359497, -1.0, -4.9598991580523943e-08, -4.7498215138830346e-08, 5.296654137509904e-08, -0.9972773790359497, -0.07374151051044464, -2.7934443950653076, -0.1599999964237213, 0.7065557241439819]}, "Camera0017": {"frame": 17, "pose": [7.549790126404332e-08, -0.08117705583572388, 0.9966996908187866, -1.0, -1.3021461686690827e-09, 7.564183590602624e-08, -4.8425330412271705e-09, -0.9966996908187866, -0.08117705583572388, -2.7740635871887207, -0.17000000178813934, 0.7259363532066345]}, "Camera0018": {"frame": 18, "pose": [7.549790126404332e-08, -0.09340047836303711, 0.9956285953521729, -1.0, -1.5027035171755188e-09, 7.568841198235532e-08, -5.573198791353207e-09, -0.9956285953521729, -0.09340047836303711, -2.7427051067352295, -0.18000000715255737, 0.7572948932647705]}, "Camera0019": {"frame": 19, "pose": [7.549790126404332e-08, -0.11013290286064148, 0.9939168691635132, -1.0, -1.2008415239961323e-07, 6.265381102821266e-08, 1.1245342079746479e-07, -0.9939168691635132, -0.11013290286064148, -2.7007391452789307, -0.1899999976158142, 0.7992607951164246]}, "Camera0020": {"frame": 20, "pose": [7.549790126404332e-08, -0.13093847036361694, 0.9913904666900635, -1.0, -1.278138910265625e-07, 5.927245183556806e-08, 1.1895242835180397e-07, -0.9913904666900635, -0.13093847036361694, -2.6500000953674316, -0.20000000298023224, 0.8500000238418579]}, "Camera0021": {"frame": 21, "pose": [-4.371138828673793e-08, -0.15518948435783386, 0.9878847002983093, -1.0, 6.090457560503637e-08, -3.4679796812042696e-08, -5.47847598397766e-08, -0.9878847002983093, -0.15518948435783386, -2.592705011367798, -0.20999999344348907, 0.9072949290275574]}, "Camera0022": {"frame": 22, "pose": [-1.6292068494294654e-07, -0.18204082548618317, 0.98329097032547, -1.0, -8.70685283871353e-08, -1.8180854510774225e-07, 1.1871027538745693e-07, -0.98329097032547, -0.18204082548618317, -2.531358480453491, -0.2199999988079071, 0.968641459941864]}, "Camera0023": {"frame": 23, "pose": [-4.371138828673793e-08, -0.21042366325855255, 0.9776102900505066, -1.0, -1.5846583778511558e-07, -7.882113806090274e-08, 1.7150367170870595e-07, -0.9776102900505066, -0.21042366325855255, -2.468641519546509, -0.23000000417232513, 1.0313584804534912]}, "Camera0024": {"frame": 24, "pose": [7.549790126404332e-08, -0.23907241225242615, 0.9710017442703247, -1.0, -1.8049465921876617e-08, 7.330859119747402e-08, 0.0, -0.9710017442703247, -0.23907241225242615, -2.407294988632202, -0.23999999463558197, 1.0927051305770874]}, "Camera0025": {"frame": 25, "pose": [-1.6292068494294654e-07, -0.2665857970714569, 0.9638111591339111, -1.0, 1.2495681289692584e-07, -1.3447547075884358e-07, -8.458551548073956e-08, -0.9638111591339111, -0.2665857970714569, -2.3499999046325684, -0.25, 1.149999976158142]}, "Camera0026": {"frame": 26, "pose": [-1.6292068494294654e-07, -0.2915284037590027, 0.9565621614456177, -1.0, 2.0827239666232344e-07, -1.0684445328479342e-07, -1.680773067391783e-07, -0.9565621614456177, -0.2915284037590027, -2.2992608547210693, -0.25999999046325684, 1.2007391452789307]}, "Camera0027": {"frame": 27, "pose": [7.549790126404332e-08, -0.31254157423973083, 0.9499040842056274, -1.0, -1.3199621662352e-07, 3.6049527807335835e-08, 1.1411677292016975e-07, -0.9499040842056274, -0.31254157423973083, -2.2572948932647705, -0.27000001072883606, 1.2427051067352295]}, "Camera0028": {"frame": 28, "pose": [-4.371138828673793e-08, -0.32845425605773926, 0.9445198774337769, -1.0, 6.04920273872267e-08, -2.5243011236852908e-08, -4.88447504665146e-08, -0.9445198774337769, -0.32845425605773926, -2.2259364128112793, -0.2800000011920929, 1.2740635871887207]}, "Camera0029": {"frame": 29, "pose": [-4.371138828673793e-08, -0.3383735716342926, 0.9410118460655212, -1.0, -1.4134266734799894e-07, -9.727615690735547e-08, 1.659208095361464e-07, -0.9410118460655212, -0.3383735716342926, -2.2065556049346924, -0.28999999165534973, 1.293444275856018]}, "Camera0030": {"frame": 30, "pose": [-1.6292068494294654e-07, -0.3417428731918335, 0.9397934675216675, -1.0, 1.7901477633586182e-07, -1.0826171603639523e-07, -1.3123924702540535e-07, -0.9397934675216675, -0.3417428731918335, -2.200000047683716, -0.30000001192092896, 1.2999999523162842]}, "Camera0031": {"frame": 31, "pose": [-4.371138828673793e-08, -0.3383735716342926, 0.9410118460655212, -1.0, -1.4134266734799894e-07, -9.727615690735547e-08, 1.659208095361464e-07, -0.9410118460655212, -0.3383735716342926, -2.2065556049346924, -0.3100000023841858, 1.293444275856018]}, "Camera0032": {"frame": 32, "pose": [-4.371138828673793e-08, -0.32845425605773926, 0.9445198774337769, -1.0, 6.04920273872267e-08, -2.5243011236852908e-08, -4.88447504665146e-08, -0.9445198774337769, -0.32845425605773926, -2.2259364128112793, -0.3199999928474426, 1.2740635871887207]}, "Camera0033": {"frame": 33, "pose": [7.549790126404332e-08, -0.31254157423973083, 0.9499040842056274, -1.0, -1.3199621662352e-07, 3.6049527807335835e-08, 1.1411677292016975e-07, -0.9499040842056274, -0.31254157423973083, -2.2572948932647705, -0.33000001311302185, 1.2427051067352295]}, "Camera0034": {"frame": 34, "pose": [-1.6292068494294654e-07, -0.2915284037590027, 0.9565621614456177, -1.0, 2.0827239666232344e-07, -1.0684445328479342e-07, -1.680773067391783e-07, -0.9565621614456177, -0.2915284037590027, -2.2992608547210693, -0.3400000035762787, 1.2007391452789307]}, "Camera0035": {"frame": 35, "pose": [-1.6292068494294654e-07, -0.2665857970714569, 0.9638111591339111, -1.0, 1.2495681289692584e-07, -1.3447547075884358e-07, -8.458551548073956e-08, -0.9638111591339111, -0.2665857970714569, -2.3499999046325684, -0.3499999940395355, 1.149999976158142]}, "Camera0036": {"frame": 36, "pose": [7.549790126404332e-08, -0.23907241225242615, 0.9710017442703247, -1.0, -1.8049465921876617e-08, 7.330859119747402e-08, 0.0, -0.9710017442703247, -0.23907241225242615, -2.407294988632202, -0.36000001430511475, 1.0927051305770874]}, "Camera0037": {"frame": 37, "pose": [-4.371138828673793e-08, -0.21042366325855255, 0.9776102900505066, -1.0, -1.5846583778511558e-07, -7.882113806090274e-08, 1.7150367170870595e-07, -0.9776102900505066, -0.21042366325855255, -2.468641519546509, -0.3700000047683716, 1.0313584804534912]}, "Camera0038": {"frame": 38, "pose": [-1.6292068494294654e-07, -0.18204082548618317, 0.98329097032547, -1.0, -8.70685283871353e-08, -1.8180854510774225e-07, 1.1871027538745693e-07, -0.98329097032547, -0.18204082548618317, -2.531358480453491, -0.3799999952316284, 0.968641459941864]}, "Camera0039": {"frame": 39, "pose": [-4.371138828673793e-08, -0.15518948435783386, 0.9878847002983093, -1.0, 6.090457560503637e-08, -3.4679796812042696e-08, -5.47847598397766e-08, -0.9878847002983093, -0.15518948435783386, -2.592705011367798, -0.38999998569488525, 0.9072949290275574]}, "Camera0040": {"frame": 40, "pose": [7.549790126404332e-08, -0.13093847036361694, 0.9913904666900635, -1.0, -1.278138910265625e-07, 5.927245183556806e-08, 1.1895242835180397e-07, -0.9913904666900635, -0.13093847036361694, -2.6500000953674316, -0.4000000059604645, 0.8500000238418579]}, "Camera0041": {"frame": 41, "pose": [7.549790126404332e-08, -0.11013290286064148, 0.9939168691635132, -1.0, -1.2008415239961323e-07, 6.265381102821266e-08, 1.1245342079746479e-07, -0.9939168691635132, -0.11013290286064148, -2.7007391452789307, -0.4099999964237213, 0.7992607951164246]}, "Camera0042": {"frame": 42, "pose": [7.549790126404332e-08, -0.09340047836303711, 0.9956285953521729, -1.0, -1.5027035171755188e-09, 7.568841198235532e-08, -5.573198791353207e-09, -0.9956285953521729, -0.09340047836303711, -2.7427051067352295, -0.41999998688697815, 0.7572948932647705]}, "Camera0043": {"frame": 43, "pose": [7.549790126404332e-08, -0.08117705583572388, 0.9966996908187866, -1.0, -1.3021461686690827e-09, 7.564183590602624e-08, -4.8425330412271705e-09, -0.9966996908187866, -0.08117705583572388, -2.7740635871887207, -0.4300000071525574, 0.7259363532066345]}, "Camera0044": {"frame": 44, "pose": [-4.371138828673793e-08, -0.07374151051044464, 0.9972773790359497, -1.0, -4.9598991580523943e-08, -4.7498215138830346e-08, 5.296654137509904e-08, -0.9972773790359497, -0.07374151051044464, -2.7934443950653076, -0.4399999976158142, 0.7065557241439819]}, "Camera0045": {"frame": 45, "pose": [-4.371138828673793e-08, -0.07124695926904678, 0.9974586963653564, -1.0, 6.464896529223552e-08, -3.920498059528654e-08, -6.169143773604446e-08, -0.9974586963653564, -0.07124695926904678, -2.799999952316284, -0.44999998807907104, 0.699999988079071]}, "Camera0046": {"frame": 46, "pose": [-4.371138828673793e-08, -0.07374151051044464, 0.9972773790359497, -1.0, -4.9598991580523943e-08, -4.7498215138830346e-08, 5.296654137509904e-08, -0.9972773790359497, -0.07374151051044464, -2.7934443950653076, -0.46000000834465027, 0.7065557241439819]}, "Camera0047": {"frame": 47, "pose": [7.549790126404332e-08, -0.08117705583572388, 0.9966996908187866, -1.0, -1.3021461686690827e-09, 7.564183590602624e-08, -4.8425330412271705e-09, -0.9966996908187866, -0.08117705583572388, -2.7740635871887207, -0.4699999988079071, 0.7259363532066345]}, "Camera0048": {"frame": 48, "pose": [7.549790126404332e-08, -0.09340047836303711, 0.9956285953521729, -1.0, -1.5027035171755188e-09, 7.568841198235532e-08, -5.573198791353207e-09, -0.9956285953521729, -0.09340047836303711, -2.7427051067352295, -0.47999998927116394, 0.7572948932647705]}, "Camera0049": {"frame": 49, "pose": [7.549790126404332e-08, -0.11013290286064148, 0.9939168691635132, -1.0, -1.2008415239961323e-07, 6.265381102821266e-08, 1.1245342079746479e-07, -0.9939168691635132, -0.11013290286064148, -2.7007391452789307, -0.49000000953674316, 0.7992607951164246]}, "Camera0050": {"frame": 50, "pose": [7.549790126404332e-08, -0.13093847036361694, 0.9913904666900635, -1.0, -1.278138910265625e-07, 5.927245183556806e-08, 1.1895242835180397e-07, -0.9913904666900635, -0.13093847036361694, -2.6500000953674316, -0.5, 0.8500000238418579]}, "Camera0051": {"frame": 51, "pose": [-4.371138828673793e-08, -0.15518948435783386, 0.9878847002983093, -1.0, 6.090457560503637e-08, -3.4679796812042696e-08, -5.47847598397766e-08, -0.9878847002983093, -0.15518948435783386, -2.592705011367798, -0.5099999904632568, 0.9072949290275574]}, "Camera0052": {"frame": 52, "pose": [-1.6292068494294654e-07, -0.18204082548618317, 0.98329097032547, -1.0, -8.70685283871353e-08, -1.8180854510774225e-07, 1.1871027538745693e-07, -0.98329097032547, -0.18204082548618317, -2.531358480453491, -0.5199999809265137, 0.968641459941864]}, "Camera0053": {"frame": 53, "pose": [-4.371138828673793e-08, -0.21042366325855255, 0.9776102900505066, -1.0, -1.5846583778511558e-07, -7.882113806090274e-08, 1.7150367170870595e-07, -0.9776102900505066, -0.21042366325855255, -2.468641519546509, -0.5299999713897705, 1.0313584804534912]}, "Camera0054": {"frame": 54, "pose": [7.549790126404332e-08, -0.23907241225242615, 0.9710017442703247, -1.0, -1.8049465921876617e-08, 7.330859119747402e-08, 0.0, -0.9710017442703247, -0.23907241225242615, -2.407294988632202, -0.5400000214576721, 1.0927051305770874]}, "Camera0055": {"frame": 55, "pose": [-1.6292068494294654e-07, -0.2665857970714569, 0.9638111591339111, -1.0, 1.2495681289692584e-07, -1.3447547075884358e-07, -8.458551548073956e-08, -0.9638111591339111, -0.2665857970714569, -2.3499999046325684, -0.550000011920929, 1.149999976158142]}, "Camera0056": {"frame": 56, "pose": [-1.6292068494294654e-07, -0.2915284037590027, 0.9565621614456177, -1.0, 2.0827239666232344e-07, -1.0684445328479342e-07, -1.680773067391783e-07, -0.9565621614456177, -0.2915284037590027, -2.2992608547210693, -0.5600000023841858, 1.2007391452789307]}, "Camera0057": {"frame": 57, "pose": [7.549790126404332e-08, -0.31254157423973083, 0.9499040842056274, -1.0, -1.3199621662352e-07, 3.6049527807335835e-08, 1.1411677292016975e-07, -0.9499040842056274, -0.31254157423973083, -2.2572948932647705, -0.5699999928474426, 1.2427051067352295]}, "Camera0058": {"frame": 58, "pose": [-4.371138828673793e-08, -0.32845425605773926, 0.9445198774337769, -1.0, 6.04920273872267e-08, -2.5243011236852908e-08, -4.88447504665146e-08, -0.9445198774337769, -0.32845425605773926, -2.2259364128112793, -0.5799999833106995, 1.2740635871887207]}, "Camera0059": {"frame": 59, "pose": [-4.371138828673793e-08, -0.3383735716342926, 0.9410118460655212, -1.0, -1.4134266734799894e-07, -9.727615690735547e-08, 1.659208095361464e-07, -0.9410118460655212, -0.3383735716342926, -2.2065556049346924, -0.5899999737739563, 1.293444275856018]}, "Camera0060": {"frame": 60, "pose": [-1.6292068494294654e-07, -0.3417428731918335, 0.9397934675216675, -1.0, 1.7901477633586182e-07, -1.0826171603639523e-07, -1.3123924702540535e-07, -0.9397934675216675, -0.3417428731918335, -2.200000047683716, -0.6000000238418579, 1.2999999523162842]}, "Camera0061": {"frame": 61, "pose": [-4.371138828673793e-08, -0.3383735716342926, 0.9410118460655212, -1.0, -1.4134266734799894e-07, -9.727615690735547e-08, 1.659208095361464e-07, -0.9410118460655212, -0.3383735716342926, -2.2065556049346924, -0.6100000143051147, 1.293444275856018]}, "Camera0062": {"frame": 62, "pose": [-4.371138828673793e-08, -0.32845425605773926, 0.9445198774337769, -1.0, 6.04920273872267e-08, -2.5243011236852908e-08, -4.88447504665146e-08, -0.9445198774337769, -0.32845425605773926, -2.2259364128112793, -0.6200000047683716, 1.2740635871887207]}, "Camera0063": {"frame": 63, "pose": [7.549790126404332e-08, -0.31254157423973083, 0.9499040842056274, -1.0, -1.3199621662352e-07, 3.6049527807335835e-08, 1.1411677292016975e-07, -0.9499040842056274, -0.31254157423973083, -2.2572948932647705, -0.6299999952316284, 1.2427051067352295]}, "Camera0064": {"frame": 64, "pose": [-1.6292068494294654e-07, -0.2915284037590027, 0.9565621614456177, -1.0, 2.0827239666232344e-07, -1.0684445328479342e-07, -1.680773067391783e-07, -0.9565621614456177, -0.2915284037590027, -2.2992608547210693, -0.6399999856948853, 1.2007391452789307]}, "Camera0065": {"frame": 65, "pose": [-1.6292068494294654e-07, -0.2665857970714569, 0.9638111591339111, -1.0, 1.2495681289692584e-07, -1.3447547075884358e-07, -8.458551548073956e-08, -0.9638111591339111, -0.2665857970714569, -2.3499999046325684, -0.6499999761581421, 1.149999976158142]}, "Camera0066": {"frame": 66, "pose": [7.549790126404332e-08, -0.23907241225242615, 0.9710017442703247, -1.0, -1.8049465921876617e-08, 7.330859119747402e-08, 0.0, -0.9710017442703247, -0.23907241225242615, -2.407294988632202, -0.6600000262260437, 1.0927051305770874]}, "Camera0067": {"frame": 67, "pose": [-4.371138828673793e-08, -0.21042366325855255, 0.9776102900505066, -1.0, -1.5846583778511558e-07, -7.882113806090274e-08, 1.7150367170870595e-07, -0.9776102900505066, -0.21042366325855255, -2.468641519546509, -0.6700000166893005, 1.0313584804534912]}, "Camera0068": {"frame": 68, "pose": [-1.6292068494294654e-07, -0.18204082548618317, 0.98329097032547, -1.0, -8.70685283871353e-08, -1.8180854510774225e-07, 1.1871027538745693e-07, -0.98329097032547, -0.18204082548618317, -2.531358480453491, -0.6800000071525574, 0.968641459941864]}, "Camera0069": {"frame": 69, "pose": [-4.371138828673793e-08, -0.15518948435783386, 0.9878847002983093, -1.0, 6.090457560503637e-08, -3.4679796812042696e-08, -5.47847598397766e-08, -0.9878847002983093, -0.15518948435783386, -2.592705011367798, -0.6899999976158142, 0.9072949290275574]}, "Camera0070": {"frame": 70, "pose": [7.549790126404332e-08, -0.13093847036361694, 0.9913904666900635, -1.0, -1.278138910265625e-07, 5.927245183556806e-08, 1.1895242835180397e-07, -0.9913904666900635, -0.13093847036361694, -2.6500000953674316, -0.699999988079071, 0.8500000238418579]}, "Camera0071": {"frame": 71, "pose": [7.549790126404332e-08, -0.11013290286064148, 0.9939168691635132, -1.0, -1.2008415239961323e-07, 6.265381102821266e-08, 1.1245342079746479e-07, -0.9939168691635132, -0.11013290286064148, -2.7007391452789307, -0.7099999785423279, 0.7992607951164246]}, "Camera0072": {"frame": 72, "pose": [7.549790126404332e-08, -0.09340047836303711, 0.9956285953521729, -1.0, -1.5027035171755188e-09, 7.568841198235532e-08, -5.573198791353207e-09, -0.9956285953521729, -0.09340047836303711, -2.7427051067352295, -0.7200000286102295, 0.7572948932647705]}, "Camera0073": {"frame": 73, "pose": [7.549790126404332e-08, -0.08117705583572388, 0.9966996908187866, -1.0, -1.3021461686690827e-09, 7.564183590602624e-08, -4.8425330412271705e-09, -0.9966996908187866, -0.08117705583572388, -2.7740635871887207, -0.7300000190734863, 0.7259363532066345]}, "Camera0074": {"frame": 74, "pose": [-4.371138828673793e-08, -0.07374151051044464, 0.9972773790359497, -1.0, -4.9598991580523943e-08, -4.7498215138830346e-08, 5.296654137509904e-08, -0.9972773790359497, -0.07374151051044464, -2.7934443950653076, -0.7400000095367432, 0.7065557241439819]}, "Camera0075": {"frame": 75, "pose": [-4.371138828673793e-08, -0.07124695926904678, 0.9974586963653564, -1.0, 6.464896529223552e-08, -3.920498059528654e-08, -6.169143773604446e-08, -0.9974586963653564, -0.07124695926904678, -2.799999952316284, -0.75, 0.699999988079071]}, "Camera0076": {"frame": 76, "pose": [-4.371138828673793e-08, -0.07374151051044464, 0.9972773790359497, -1.0, -4.9598991580523943e-08, -4.7498215138830346e-08, 5.296654137509904e-08, -0.9972773790359497, -0.07374151051044464, -2.7934443950653076, -0.7599999904632568, 0.7065557241439819]}, "Camera0077": {"frame": 77, "pose": [7.549790126404332e-08, -0.08117705583572388, 0.9966996908187866, -1.0, -1.3021461686690827e-09, 7.564183590602624e-08, -4.8425330412271705e-09, -0.9966996908187866, -0.08117705583572388, -2.7740635871887207, -0.7699999809265137, 0.7259363532066345]}, "Camera0078": {"frame": 78, "pose": [7.549790126404332e-08, -0.09340047836303711, 0.9956285953521729, -1.0, -1.5027035171755188e-09, 7.568841198235532e-08, -5.573198791353207e-09, -0.9956285953521729, -0.09340047836303711, -2.7427051067352295, -0.7799999713897705, 0.7572948932647705]}, "Camera0079": {"frame": 79, "pose": [7.549790126404332e-08, -0.11013290286064148, 0.9939168691635132, -1.0, -1.2008415239961323e-07, 6.265381102821266e-08, 1.1245342079746479e-07, -0.9939168691635132, -0.11013290286064148, -2.7007391452789307, -0.7900000214576721, 0.7992607951164246]}, "Camera0080": {"frame": 80, "pose": [7.549790126404332e-08, -0.13093847036361694, 0.9913904666900635, -1.0, -1.278138910265625e-07, 5.927245183556806e-08, 1.1895242835180397e-07, -0.9913904666900635, -0.13093847036361694, -2.6500000953674316, -0.800000011920929, 0.8500000238418579]}, "Camera0081": {"frame": 81, "pose": [-4.371138828673793e-08, -0.15518948435783386, 0.9878847002983093, -1.0, 6.090457560503637e-08, -3.4679796812042696e-08, -5.47847598397766e-08, -0.9878847002983093, -0.15518948435783386, -2.592705011367798, -0.8100000023841858, 0.9072949290275574]}, "Camera0082": {"frame": 82, "pose": [-1.6292068494294654e-07, -0.18204082548618317, 0.98329097032547, -1.0, -8.70685283871353e-08, -1.8180854510774225e-07, 1.1871027538745693e-07, -0.98329097032547, -0.18204082548618317, -2.531358480453491, -0.8199999928474426, 0.968641459941864]}, "Camera0083": {"frame": 83, "pose": [-4.371138828673793e-08, -0.21042366325855255, 0.9776102900505066, -1.0, -1.5846583778511558e-07, -7.882113806090274e-08, 1.7150367170870595e-07, -0.9776102900505066, -0.21042366325855255, -2.468641519546509, -0.8299999833106995, 1.0313584804534912]}, "Camera0084": {"frame": 84, "pose": [7.549790126404332e-08, -0.23907241225242615, 0.9710017442703247, -1.0, -1.8049465921876617e-08, 7.330859119747402e-08, 0.0, -0.9710017442703247, -0.23907241225242615, -2.407294988632202, -0.8399999737739563, 1.0927051305770874]}, "Camera0085": {"frame": 85, "pose": [-1.6292068494294654e-07, -0.2665857970714569, 0.9638111591339111, -1.0, 1.2495681289692584e-07, -1.3447547075884358e-07, -8.458551548073956e-08, -0.9638111591339111, -0.2665857970714569, -2.3499999046325684, -0.8500000238418579, 1.149999976158142]}, "Camera0086": {"frame": 86, "pose": [-1.6292068494294654e-07, -0.2915284037590027, 0.9565621614456177, -1.0, 2.0827239666232344e-07, -1.0684445328479342e-07, -1.680773067391783e-07, -0.9565621614456177, -0.2915284037590027, -2.2992608547210693, -0.8600000143051147, 1.2007391452789307]}, "Camera0087": {"frame": 87, "pose": [7.549790126404332e-08, -0.31254157423973083, 0.9499040842056274, -1.0, -1.3199621662352e-07, 3.6049527807335835e-08, 1.1411677292016975e-07, -0.9499040842056274, -0.31254157423973083, -2.2572948932647705, -0.8700000047683716, 1.2427051067352295]}, "Camera0088": {"frame": 88, "pose": [-4.371138828673793e-08, -0.32845425605773926, 0.9445198774337769, -1.0, 6.04920273872267e-08, -2.5243011236852908e-08, -4.88447504665146e-08, -0.9445198774337769, -0.32845425605773926, -2.2259364128112793, -0.8799999952316284, 1.2740635871887207]}, "Camera0089": {"frame": 89, "pose": [-4.371138828673793e-08, -0.3383735716342926, 0.9410118460655212, -1.0, -1.4134266734799894e-07, -9.727615690735547e-08, 1.659208095361464e-07, -0.9410118460655212, -0.3383735716342926, -2.2065556049346924, -0.8899999856948853, 1.293444275856018]}, "Camera0090": {"frame": 90, "pose": [-1.6292068494294654e-07, -0.3417428731918335, 0.9397934675216675, -1.0, 1.7901477633586182e-07, -1.0826171603639523e-07, -1.3123924702540535e-07, -0.9397934675216675, -0.3417428731918335, -2.200000047683716, -0.8999999761581421, 1.2999999523162842]}, "Camera0091": {"frame": 91, "pose": [-4.371138828673793e-08, -0.3383735716342926, 0.9410118460655212, -1.0, -1.4134266734799894e-07, -9.727615690735547e-08, 1.659208095361464e-07, -0.9410118460655212, -0.3383735716342926, -2.2065556049346924, -0.9100000262260437, 1.293444275856018]}, "Camera0092": {"frame": 92, "pose": [-4.371138828673793e-08, -0.32845425605773926, 0.9445198774337769, -1.0, 6.04920273872267e-08, -2.5243011236852908e-08, -4.88447504665146e-08, -0.9445198774337769, -0.32845425605773926, -2.2259364128112793, -0.9200000166893005, 1.2740635871887207]}, "Camera0093": {"frame": 93, "pose": [7.549790126404332e-08, -0.31254157423973083, 0.9499040842056274, -1.0, -1.3199621662352e-07, 3.6049527807335835e-08, 1.1411677292016975e-07, -0.9499040842056274, -0.31254157423973083, -2.2572948932647705, -0.9300000071525574, 1.2427051067352295]}, "Camera0094": {"frame": 94, "pose": [-1.6292068494294654e-07, -0.2915284037590027, 0.9565621614456177, -1.0, 2.0827239666232344e-07, -1.0684445328479342e-07, -1.680773067391783e-07, -0.9565621614456177, -0.2915284037590027, -2.2992608547210693, -0.9399999976158142, 1.2007391452789307]}, "Camera0095": {"frame": 95, "pose": [-1.6292068494294654e-07, -0.2665857970714569, 0.9638111591339111, -1.0, 1.2495681289692584e-07, -1.3447547075884358e-07, -8.458551548073956e-08, -0.9638111591339111, -0.2665857970714569, -2.3499999046325684, -0.949999988079071, 1.149999976158142]}, "Camera0096": {"frame": 96, "pose": [7.549790126404332e-08, -0.23907241225242615, 0.9710017442703247, -1.0, -1.8049465921876617e-08, 7.330859119747402e-08, 0.0, -0.9710017442703247, -0.23907241225242615, -2.407294988632202, -0.9599999785423279, 1.0927051305770874]}, "Camera0097": {"frame": 97, "pose": [-4.371138828673793e-08, -0.21042366325855255, 0.9776102900505066, -1.0, -1.5846583778511558e-07, -7.882113806090274e-08, 1.7150367170870595e-07, -0.9776102900505066, -0.21042366325855255, -2.468641519546509, -0.9700000286102295, 1.0313584804534912]}, "Camera0098": {"frame": 98, "pose": [-1.6292068494294654e-07, -0.18204082548618317, 0.98329097032547, -1.0, -8.70685283871353e-08, -1.8180854510774225e-07, 1.1871027538745693e-07, -0.98329097032547, -0.18204082548618317, -2.531358480453491, -0.9800000190734863, 0.968641459941864]}, "Camera0099": {"frame": 99, "pose": [-4.371138828673793e-08, -0.15518948435783386, 0.9878847002983093, -1.0, 6.090457560503637e-08, -3.4679796812042696e-08, -5.47847598397766e-08, -0.9878847002983093, -0.15518948435783386, -2.592705011367798, -0.9900000095367432, 0.9072949290275574]}, "Camera0100": {"frame": 100, "pose": [7.549790126404332e-08, -0.13093847036361694, 0.9913904666900635, -1.0, -1.278138910265625e-07, 5.927245183556806e-08, 1.1895242835180397e-07, -0.9913904666900635, -0.13093847036361694, -2.6500000953674316, -1.0, 0.8500000238418579]}, "Camera0101": {"frame": 101, "pose": [7.549790126404332e-08, -0.11013290286064148, 0.9939168691635132, -1.0, -1.2008415239961323e-07, 6.265381102821266e-08, 1.1245342079746479e-07, -0.9939168691635132, -0.11013290286064148, -2.7007391452789307, -1.0099999904632568, 0.7992607951164246]}, "Camera0102": {"frame": 102, "pose": [7.549790126404332e-08, -0.09340047836303711, 0.9956285953521729, -1.0, -1.5027035171755188e-09, 7.568841198235532e-08, -5.573198791353207e-09, -0.9956285953521729, -0.09340047836303711, -2.7427051067352295, -1.0199999809265137, 0.7572948932647705]}, "Camera0103": {"frame": 103, "pose": [7.549790126404332e-08, -0.08117705583572388, 0.9966996908187866, -1.0, -1.3021461686690827e-09, 7.564183590602624e-08, -4.8425330412271705e-09, -0.9966996908187866, -0.08117705583572388, -2.7740635871887207, -1.0299999713897705, 0.7259363532066345]}, "Camera0104": {"frame": 104, "pose": [-4.371138828673793e-08, -0.07374151051044464, 0.9972773790359497, -1.0, -4.9598991580523943e-08, -4.7498215138830346e-08, 5.296654137509904e-08, -0.9972773790359497, -0.07374151051044464, -2.7934443950653076, -1.0399999618530273, 0.7065557241439819]}, "Camera0105": {"frame": 105, "pose": [-4.371138828673793e-08, -0.07124695926904678, 0.9974586963653564, -1.0, 6.464896529223552e-08, -3.920498059528654e-08, -6.169143773604446e-08, -0.9974586963653564, -0.07124695926904678, -2.799999952316284, -1.0499999523162842, 0.699999988079071]}, "Camera0106": {"frame": 106, "pose": [-4.371138828673793e-08, -0.07374151051044464, 0.9972773790359497, -1.0, -4.9598991580523943e-08, -4.7498215138830346e-08, 5.296654137509904e-08, -0.9972773790359497, -0.07374151051044464, -2.7934443950653076, -1.059999942779541, 0.7065557241439819]}, "Camera0107": {"frame": 107, "pose": [7.549790126404332e-08, -0.08117705583572388, 0.9966996908187866, -1.0, -1.3021461686690827e-09, 7.564183590602624e-08, -4.8425330412271705e-09, -0.9966996908187866, -0.08117705583572388, -2.7740635871887207, -1.0700000524520874, 0.7259363532066345]}, "Camera0108": {"frame": 108, "pose": [7.549790126404332e-08, -0.09340047836303711, 0.9956285953521729, -1.0, -1.5027035171755188e-09, 7.568841198235532e-08, -5.573198791353207e-09, -0.9956285953521729, -0.09340047836303711, -2.7427051067352295, -1.0800000429153442, 0.7572948932647705]}, "Camera0109": {"frame": 109, "pose": [7.549790126404332e-08, -0.11013290286064148, 0.9939168691635132, -1.0, -1.2008415239961323e-07, 6.265381102821266e-08, 1.1245342079746479e-07, -0.9939168691635132, -0.11013290286064148, -2.7007391452789307, -1.090000033378601, 0.7992607951164246]}, "Camera0110": {"frame": 110, "pose": [7.549790126404332e-08, -0.13093847036361694, 0.9913904666900635, -1.0, -1.278138910265625e-07, 5.927245183556806e-08, 1.1895242835180397e-07, -0.9913904666900635, -0.13093847036361694, -2.6500000953674316, -1.100000023841858, 0.8500000238418579]}, "Camera0111": {"frame": 111, "pose": [-4.371138828673793e-08, -0.15518948435783386, 0.9878847002983093, -1.0, 6.090457560503637e-08, -3.4679796812042696e-08, -5.47847598397766e-08, -0.9878847002983093, -0.15518948435783386, -2.592705011367798, -1.1100000143051147, 0.9072949290275574]}, "Camera0112": {"frame": 112, "pose": [-1.6292068494294654e-07, -0.18204082548618317, 0.98329097032547, -1.0, -8.70685283871353e-08, -1.8180854510774225e-07, 1.1871027538745693e-07, -0.98329097032547, -0.18204082548618317, -2.531358480453491, -1.1200000047683716, 0.968641459941864]}, "Camera0113": {"frame": 113, "pose": [-4.371138828673793e-08, -0.21042366325855255, 0.9776102900505066, -1.0, -1.5846583778511558e-07, -7.882113806090274e-08, 1.7150367170870595e-07, -0.9776102900505066, -0.21042366325855255, -2.468641519546509, -1.1299999952316284, 1.0313584804534912]}, "Camera0114": {"frame": 114, "pose": [7.549790126404332e-08, -0.23907241225242615, 0.9710017442703247, -1.0, -1.8049465921876617e-08, 7.330859119747402e-08, 0.0, -0.9710017442703247, -0.23907241225242615, -2.407294988632202, -1.1399999856948853, 1.0927051305770874]}, "Camera0115": {"frame": 115, "pose": [-1.6292068494294654e-07, -0.2665857970714569, 0.9638111591339111, -1.0, 1.2495681289692584e-07, -1.3447547075884358e-07, -8.458551548073956e-08, -0.9638111591339111, -0.2665857970714569, -2.3499999046325684, -1.149999976158142, 1.149999976158142]}, "Camera0116": {"frame": 116, "pose": [-1.6292068494294654e-07, -0.2915284037590027, 0.9565621614456177, -1.0, 2.0827239666232344e-07, -1.0684445328479342e-07, -1.680773067391783e-07, -0.9565621614456177, -0.2915284037590027, -2.2992608547210693, -1.159999966621399, 1.2007391452789307]}, "Camera0117": {"frame": 117, "pose": [7.549790126404332e-08, -0.31254157423973083, 0.9499040842056274, -1.0, -1.3199621662352e-07, 3.6049527807335835e-08, 1.1411677292016975e-07, -0.9499040842056274, -0.31254157423973083, -2.2572948932647705, -1.1699999570846558, 1.2427051067352295]}, "Camera0118": {"frame": 118, "pose": [-4.371138828673793e-08, -0.32845425605773926, 0.9445198774337769, -1.0, 6.04920273872267e-08, -2.5243011236852908e-08, -4.88447504665146e-08, -0.9445198774337769, -0.32845425605773926, -2.2259364128112793, -1.1799999475479126, 1.2740635871887207]}, "Camera0119": {"frame": 119, "pose": [-4.371138828673793e-08, -0.3383735716342926, 0.9410118460655212, -1.0, -1.4134266734799894e-07, -9.727615690735547e-08, 1.659208095361464e-07, -0.9410118460655212, -0.3383735716342926, -2.2065556049346924, -1.190000057220459, 1.293444275856018]}}, "environment": {"name": "bunny_3", "width": 0.024, "resolution_x": 640, "resolution_y": 480, "lens": 0.035, "max_depth": 20.0, "min_depth": 1.0}}