{"cameras": {"Camera0000": {"frame": 0, "pose": [-1.6292068494294654e-07, -0.3417428731918335, 0.9397934675216675, -1.0, 1.7901477633586182e-07, -1.0826171603639523e-07, -1.3123924702540535e-07, -0.9397934675216675, -0.3417428731918335, -2.200000047683716, -0.0, 1.2999999523162842]}, "Camera0001": {"frame": 1, "pose": [0.01770917885005474, -0.3379100561141968, 0.9410117864608765, -0.9986295104026794, -0.05233607813715935, 2.206205884647261e-08, 0.04924885928630829, -0.9397221803665161, -0.3383737802505493, -2.2065556049346924, -0.009999999776482582, 1.293444275856018]}, "Camera0002": {"frame": 2, "pose": [0.034332774579524994, -0.32665514945983887, 0.9445198178291321, -0.9945219159126282, -0.1045285239815712, -9.006922851995114e-08, 0.09872929006814957, -0.9393455982208252, -0.3284544348716736, -2.2259364128112793, -0.019999999552965164, 1.2740635871887207]}, "Camera0003": {"frame": 3, "pose": [0.04889236390590668, -0.30869364738464355, 0.9499040842056274, -0.9876883029937744, -0.1564347743988037, -1.0036528053092297e-08, 0.14859803020954132, -0.9382091164588928, -0.31254157423973083, -2.2572948932647705, -0.029999999329447746, 1.2427051067352295]}, "Camera0004": {"frame": 4, "pose": [0.06061200797557831, -0.28515779972076416, 0.9565621614456177, -0.9781476259231567, -0.20791153609752655, -1.0829717922433701e-07, 0.19888034462928772, -0.9356590509414673, -0.2915283441543579, -2.2992608547210693, -0.03999999910593033, 1.2007391452789307]}, "Camera0005": {"frame": 5, "pose": [0.06899727880954742, -0.25750210881233215, 0.9638112187385559, -0.9659258723258972, -0.2588188648223877, -1.494943688840067e-07, 0.24945254623889923, -0.9309701919555664, -0.2665857672691345, -2.3499999046325684, -0.05000000074505806, 1.149999976158142]}, "Camera0006": {"frame": 6, "pose": [0.07387722283601761, -0.2273712009191513, 0.9710018038749695, -0.9510565996170044, -0.30901679396629333, -1.0521704751909056e-07, 0.3000558912754059, -0.9234776496887207, -0.23907217383384705, -2.407294988632202, -0.05999999865889549, 1.0927051305770874]}, "Camera0007": {"frame": 7, "pose": [0.07540925592184067, -0.19644765555858612, 0.9776102304458618, -0.9335803985595703, -0.3583680987358093, 3.288707262072421e-08, 0.35034430027008057, -0.9126777052879333, -0.21042394638061523, -2.468641519546509, -0.07000000029802322, 1.0313584804534912]}, "Camera0008": {"frame": 8, "pose": [0.07404252141714096, -0.1663026660680771, 0.98329097032547, -0.9135454893112183, -0.4067366123199463, -1.8286243630427634e-07, 0.39994049072265625, -0.8982809782028198, -0.18204085528850555, -2.531358480453491, -0.07999999821186066, 0.968641459941864]}, "Camera0009": {"frame": 9, "pose": [0.07045440375804901, -0.13827486336231232, 0.9878847002983093, -0.891006588935852, -0.4539904296398163, -1.263041866650383e-07, 0.4484902322292328, -0.8802117705345154, -0.15518943965435028, -2.592705011367798, -0.09000000357627869, 0.9072949290275574]}, "Camera0010": {"frame": 10, "pose": [0.06546921283006668, -0.113396055996418, 0.9913904666900635, -0.8660252094268799, -0.5000002980232239, -7.023243142612046e-08, 0.495695561170578, -0.8585692048072815, -0.13093847036361694, -2.6500000953674316, -0.10000000149011612, 0.8500000238418579]}, "Camera0011": {"frame": 11, "pose": [0.0599825382232666, -0.09236519038677216, 0.9939168691635132, -0.8386704921722412, -0.5446391701698303, -1.1687269108051623e-07, 0.5413260459899902, -0.8335687518119812, -0.11013279855251312, -2.7007391452789307, -0.10999999940395355, 0.7992607951164246]}, "Camera0012": {"frame": 12, "pose": [0.054899513721466064, -0.07556252181529999, 0.9956285953521729, -0.80901700258255, -0.5877853035926819, 1.0218936097317055e-07, 0.5852158665657043, -0.8054804801940918, -0.0934004858136177, -2.7427051067352295, -0.11999999731779099, 0.7572948932647705]}, "Camera0013": {"frame": 13, "pose": [0.05108649656176567, -0.06308641284704208, 0.9966996908187866, -0.7771459817886353, -0.6293203830718994, 9.947606116611496e-08, 0.6272433996200562, -0.7745811343193054, -0.08117713034152985, -2.7740635871887207, -0.12999999523162842, 0.7259363532066345]}, "Camera0014": {"frame": 14, "pose": [0.04934272915124893, -0.05480075627565384, 0.9972773790359497, -0.7431448698043823, -0.6691305637359619, -6.329818091899142e-08, 0.6673087477684021, -0.7411215901374817, -0.07374162971973419, -2.7934443950653076, -0.14000000059604645, 0.7065557241439819]}, "Camera0015": {"frame": 15, "pose": [0.050379205495119095, -0.05037909001111984, 0.9974586963653564, -0.7071067094802856, -0.7071068286895752, 7.751395969535224e-08, 0.7053098678588867, -0.7053097486495972, -0.07124687731266022, -2.799999952316284, -0.15000000596046448, 0.699999988079071]}, "Camera0016": {"frame": 16, "pose": [0.05480063706636429, -0.04934274032711983, 0.9972773790359497, -0.6691305637359619, -0.7431448698043823, -2.4593038716602678e-08, 0.7411215901374817, -0.6673087477684021, -0.07374154776334763, -2.7934443950653076, -0.1599999964237213, 0.7065557241439819]}, "Camera0017": {"frame": 17, "pose": [0.06308643519878387, -0.051086343824863434, 0.9966996908187866, -0.6293205618858337, -0.7771458029747009, 4.867985481382675e-08, 0.7745810151100159, -0.6272435784339905, -0.08117704838514328, -2.7740635871887207, -0.17000000178813934, 0.7259363532066345]}, "Camera0018": {"frame": 18, "pose": [0.07556254416704178, -0.054899342358112335, 0.9956286549568176, -0.5877851247787476, -0.8090170621871948, 3.441695284323032e-08, 0.8054805994033813, -0.58521568775177, -0.09340040385723114, -2.7427051067352295, -0.18000000715255737, 0.7572948932647705]}, "Camera0019": {"frame": 19, "pose": [0.09236498922109604, -0.059982527047395706, 0.993916928768158, -0.5446391105651855, -0.8386704921722412, 9.601618167209836e-09, 0.833568811416626, -0.5413260459899902, -0.1101326197385788, -2.7007391452789307, -0.1899999976158142, 0.7992607951164246]}, "Camera0020": {"frame": 20, "pose": [0.11339601129293442, -0.06546921283006668, 0.9913905262947083, -0.4999997615814209, -0.8660255670547485, -3.4555608152686546e-08, 0.8585695028305054, -0.495695024728775, -0.13093842566013336, -2.6500000953674316, -0.20000000298023224, 0.8500000238418579]}, "Camera0021": {"frame": 21, "pose": [0.13827459514141083, -0.07045460492372513, 0.9878847599029541, -0.45399072766304016, -0.8910064101219177, -1.2312490582644386e-07, 0.8802116513252258, -0.4484905004501343, -0.15518929064273834, -2.592705011367798, -0.20999999344348907, 0.9072949290275574]}, "Camera0022": {"frame": 22, "pose": [0.16630247235298157, -0.07404270023107529, 0.98329097032547, -0.40673670172691345, -0.9135454297065735, -4.7987903428747813e-08, 0.8982809782028198, -0.39994052052497864, -0.1820407509803772, -2.531358480453491, -0.2199999988079071, 0.968641459941864]}, "Camera0023": {"frame": 23, "pose": [0.19644767045974731, -0.0754091888666153, 0.9776102304458618, -0.3583677411079407, -0.9335805177688599, -4.7628248012188124e-08, 0.9126778841018677, -0.3503439426422119, -0.21042393147945404, -2.468641519546509, -0.23000000417232513, 1.0313584804534912]}, "Camera0024": {"frame": 24, "pose": [0.22737133502960205, -0.0738774910569191, 0.9710017442703247, -0.3090171813964844, -0.9510564804077148, -2.023345757606876e-08, 0.9234774708747864, -0.30005621910095215, -0.23907239735126495, -2.407294988632202, -0.23999999463558197, 1.0927051305770874]}, "Camera0025": {"frame": 25, "pose": [0.25750213861465454, -0.06899739056825638, 0.9638111591339111, -0.25881901383399963, -0.9659258127212524, 9.620196550486071e-08, 0.9309701323509216, -0.24945269525051117, -0.2665857970714569, -2.3499999046325684, -0.25, 1.149999976158142]}, "Camera0026": {"frame": 26, "pose": [0.2851579189300537, -0.06061214208602905, 0.9565621614456177, -0.2079116404056549, -0.9781476259231567, 2.7512847111665906e-08, 0.9356589913368225, -0.1988804042339325, -0.29152849316596985, -2.2992608547210693, -0.25999999046325684, 1.2007391452789307]}, "Camera0027": {"frame": 27, "pose": [0.3086937665939331, -0.04889219254255295, 0.9499040246009827, -0.15643438696861267, -0.9876883625984192, 7.552104364094703e-08, 0.9382091760635376, -0.14859767258167267, -0.312541663646698, -2.2572948932647705, -0.27000001072883606, 1.2427051067352295]}, "Camera0028": {"frame": 28, "pose": [0.3266550600528717, -0.03433291241526604, 0.9445198178291321, -0.10452850908041, -0.9945219159126282, -6.848412681392801e-08, 0.93934565782547, -0.09872923046350479, -0.3284543752670288, -2.2259364128112793, -0.2800000011920929, 1.2740635871887207]}, "Camera0029": {"frame": 29, "pose": [0.3379099667072296, -0.01770896464586258, 0.9410118460655212, -0.052335627377033234, -0.9986295700073242, 3.591009800629763e-08, 0.9397222399711609, -0.049248453229665756, -0.33837369084358215, -2.2065556049346924, -0.28999999165534973, 1.293444275856018]}, "Camera0030": {"frame": 30, "pose": [0.34174299240112305, -1.2590302844728285e-07, 0.9397934675216675, -2.2395911969397275e-07, -1.0, -5.252917389952927e-08, 0.9397934675216675, -1.9252382799095358e-07, -0.34174299240112305, -2.200000047683716, -0.30000001192092896, 1.2999999523162842]}, "Camera0031": {"frame": 31, "pose": [0.33790987730026245, 0.017709210515022278, 0.9410118460655212, 0.05233616381883621, -0.9986295104026794, 3.591097907928997e-08, 0.9397222399711609, 0.049248937517404556, -0.338373601436615, -2.2065556049346924, -0.3100000023841858, 1.293444275856018]}, "Camera0032": {"frame": 32, "pose": [0.32665500044822693, 0.03433285281062126, 0.9445198774337769, 0.10452867299318314, -0.9945218563079834, -4.576606116302173e-08, 0.93934565782547, 0.09872942417860031, -0.32845431566238403, -2.2259364128112793, -0.3199999928474426, 1.2740635871887207]}, "Camera0033": {"frame": 33, "pose": [0.30869364738464355, 0.04889250919222832, 0.9499040842056274, 0.15643465518951416, -0.9876883029937744, 1.8505124899093062e-07, 0.9382091760635376, 0.1485978662967682, -0.31254157423973083, -2.2572948932647705, -0.33000001311302185, 1.2427051067352295]}, "Camera0034": {"frame": 34, "pose": [0.28515809774398804, 0.06061217933893204, 0.9565621018409729, 0.20791175961494446, -0.978147566318512, -6.846168787433271e-08, 0.935658872127533, 0.19888053834438324, -0.2915286719799042, -2.2992608547210693, -0.3400000035762787, 1.2007391452789307]}, "Camera0035": {"frame": 35, "pose": [0.2575022280216217, 0.06899750232696533, 0.9638111591339111, 0.25881895422935486, -0.9659258723258972, 1.9575589149667394e-08, 0.9309701323509216, 0.2494525909423828, -0.26658591628074646, -2.3499999046325684, -0.3499999940395355, 1.149999976158142]}, "Camera0036": {"frame": 36, "pose": [0.22737136483192444, 0.07387741655111313, 0.9710017442703247, 0.30901703238487244, -0.9510564804077148, -1.944272831622129e-08, 0.9234775304794312, 0.3000560700893402, -0.23907239735126495, -2.407294988632202, -0.36000001430511475, 1.0927051305770874]}, "Camera0037": {"frame": 37, "pose": [0.1964477002620697, 0.07540907710790634, 0.9776102304458618, 0.3583677113056183, -0.9335805177688599, -6.89119730168386e-08, 0.9126778841018677, 0.3503439426422119, -0.21042393147945404, -2.468641519546509, -0.3700000047683716, 1.0313584804534912]}, "Camera0038": {"frame": 38, "pose": [0.1663026362657547, 0.07404271513223648, 0.98329097032547, 0.4067365229129791, -0.9135454893112183, 3.4817464467096215e-08, 0.8982810378074646, 0.3999403417110443, -0.18204089999198914, -2.531358480453491, -0.3799999952316284, 0.968641459941864]}, "Camera0039": {"frame": 39, "pose": [0.1382746398448944, 0.07045461237430573, 0.9878847599029541, 0.4539906978607178, -0.8910064101219177, 1.1157611368162179e-07, 0.8802116513252258, 0.4484904706478119, -0.15518933534622192, -2.592705011367798, -0.38999998569488525, 0.9072949290275574]}, "Camera0040": {"frame": 40, "pose": [0.11339599639177322, 0.06546910852193832, 0.9913905262947083, 0.4999999701976776, -0.8660253882408142, -8.418300012635882e-08, 0.8585693836212158, 0.49569523334503174, -0.1309383660554886, -2.6500000953674316, -0.4000000059604645, 0.8500000238418579]}, "Camera0041": {"frame": 41, "pose": [0.09236492961645126, 0.05998263508081436, 0.993916928768158, 0.5446391701698303, -0.8386704921722412, 1.0241050318882117e-07, 0.8335687518119812, 0.541326105594635, -0.11013263463973999, -2.7007391452789307, -0.4099999964237213, 0.7992607951164246]}, "Camera0042": {"frame": 42, "pose": [0.07556258141994476, 0.054899487644433975, 0.9956285953521729, 0.5877854228019714, -0.8090168833732605, 2.889541583783739e-08, 0.8054803609848022, 0.5852159857749939, -0.09340052306652069, -2.7427051067352295, -0.41999998688697815, 0.7572948932647705]}, "Camera0043": {"frame": 43, "pose": [0.06308647990226746, 0.05108646675944328, 0.9966996908187866, 0.6293202638626099, -0.77714604139328, 4.667673181302234e-08, 0.774581253528595, 0.6272433400154114, -0.08117716014385223, -2.7740635871887207, -0.4300000071525574, 0.7259363532066345]}, "Camera0044": {"frame": 44, "pose": [0.05480055883526802, 0.04934271425008774, 0.9972773790359497, 0.6691306233406067, -0.7431448101997375, 5.050732809763758e-08, 0.7411215305328369, 0.6673088073730469, -0.07374147325754166, -2.7934443950653076, -0.4399999976158142, 0.7065557241439819]}, "Camera0045": {"frame": 45, "pose": [0.05037913843989372, 0.05037930980324745, 0.9974586963653564, 0.7071070075035095, -0.7071065902709961, 1.0027061136952398e-07, 0.7053096294403076, 0.7053099870681763, -0.07124698162078857, -2.799999952316284, -0.44999998807907104, 0.699999988079071]}, "Camera0046": {"frame": 46, "pose": [0.04934272542595863, 0.05480086803436279, 0.9972773790359497, 0.7431448101997375, -0.6691306233406067, 1.518361472108154e-07, 0.6673088669776917, 0.7411214709281921, -0.07374171167612076, -2.7934443950653076, -0.46000000834465027, 0.7065557241439819]}, "Camera0047": {"frame": 47, "pose": [0.05108638480305672, 0.06308646500110626, 0.9966996908187866, 0.7771456241607666, -0.6293208003044128, 6.27928145036094e-08, 0.6272438168525696, 0.7745808362960815, -0.08117709308862686, -2.7740635871887207, -0.4699999988079071, 0.7259363532066345]}, "Camera0048": {"frame": 48, "pose": [0.05489933490753174, 0.07556267827749252, 0.9956285953521729, 0.8090171813964844, -0.5877849459648132, 1.0186101917497581e-07, 0.5852155685424805, 0.8054806590080261, -0.0934005081653595, -2.7427051067352295, -0.47999998927116394, 0.7572948932647705]}, "Camera0049": {"frame": 49, "pose": [0.05998264625668526, 0.09236525744199753, 0.9939168691635132, 0.8386706113815308, -0.544638991355896, 3.7123783158676815e-08, 0.5413258671760559, 0.8335688710212708, -0.11013291776180267, -2.7007391452789307, -0.49000000953674316, 0.7992607951164246]}, "Camera0050": {"frame": 50, "pose": [0.06546922773122787, 0.11339595913887024, 0.9913905262947083, 0.8660253882408142, -0.5000000596046448, -2.8283899666803336e-08, 0.4956952929496765, 0.858569324016571, -0.13093839585781097, -2.6500000953674316, -0.5, 0.8500000238418579]}, "Camera0051": {"frame": 51, "pose": [0.07045450806617737, 0.13827480375766754, 0.9878847599029541, 0.8910065293312073, -0.45399051904678345, 2.2370992169840065e-08, 0.44849029183387756, 0.8802117109298706, -0.1551894247531891, -2.592705011367798, -0.5099999904632568, 0.9072949290275574]}, "Camera0052": {"frame": 52, "pose": [0.07404273748397827, 0.16630269587039948, 0.98329097032547, 0.9135454893112183, -0.4067365229129791, -3.012316440731411e-08, 0.3999403417110443, 0.8982810378074646, -0.1820409744977951, -2.531358480453491, -0.5199999809265137, 0.968641459941864]}, "Camera0053": {"frame": 53, "pose": [0.07540903240442276, 0.19644750654697418, 0.9776102900505066, 0.9335803985595703, -0.35836803913116455, 1.1475177075226384e-07, 0.35034430027008057, 0.9126777648925781, -0.21042372286319733, -2.468641519546509, -0.5299999713897705, 1.0313584804534912]}, "Camera0054": {"frame": 54, "pose": [0.07387721538543701, 0.22737130522727966, 0.9710018038749695, 0.9510565400123596, -0.3090169131755829, 1.7046876621407137e-07, 0.30005601048469543, 0.9234775900840759, -0.2390722781419754, -2.407294988632202, -0.5400000214576721, 1.0927051305770874]}, "Camera0055": {"frame": 55, "pose": [0.06899727880954742, 0.25750210881233215, 0.9638112187385559, 0.9659258723258972, -0.2588188946247101, 1.574190520159391e-07, 0.24945257604122162, 0.9309701919555664, -0.2665857672691345, -2.3499999046325684, -0.550000011920929, 1.149999976158142]}, "Camera0056": {"frame": 56, "pose": [0.060612235218286514, 0.28515806794166565, 0.9565621018409729, 0.978147566318512, -0.20791195333003998, 6.298494525935894e-08, 0.19888070225715637, 0.935658872127533, -0.2915286719799042, -2.2992608547210693, -0.5600000023841858, 1.2007391452789307]}, "Camera0057": {"frame": 57, "pose": [0.04889201372861862, 0.308693528175354, 0.9499041438102722, 0.9876883625984192, -0.15643416345119476, 1.4499654810151696e-07, 0.14859750866889954, 0.9382092952728271, -0.3125413954257965, -2.2572948932647705, -0.5699999928474426, 1.2427051067352295]}, "Camera0058": {"frame": 58, "pose": [0.034332774579524994, 0.32665494084358215, 0.9445198774337769, 0.9945219159126282, -0.10452824085950851, -3.5126742403690514e-08, 0.09872899204492569, 0.9393457174301147, -0.32845422625541687, -2.2259364128112793, -0.5799999833106995, 1.2740635871887207]}, "Camera0059": {"frame": 59, "pose": [0.01770894043147564, 0.33790984749794006, 0.9410118460655212, 0.9986295104026794, -0.05233587324619293, 1.4444246687617124e-07, 0.049248725175857544, 0.9397222399711609, -0.3383735716342926, -2.2065556049346924, -0.5899999737739563, 1.293444275856018]}, "Camera0060": {"frame": 60, "pose": [7.549790126404332e-08, 0.34174299240112305, 0.9397934675216675, 1.0, -2.140240837888996e-07, -2.5076443144200766e-09, 2.0028146252570878e-07, 0.9397934675216675, -0.34174299240112305, -2.200000047683716, -0.6000000238418579, 1.2999999523162842]}, "Camera0061": {"frame": 61, "pose": [-0.017709266394376755, 0.3379097282886505, 0.941011905670166, 0.9986295104026794, 0.052336059510707855, 1.4068955067614297e-07, -0.04924880713224411, 0.9397222995758057, -0.33837345242500305, -2.2065556049346924, -0.6100000143051147, 1.293444275856018]}, "Camera0062": {"frame": 62, "pose": [-0.034332625567913055, 0.32665517926216125, 0.9445198178291321, 0.9945219159126282, 0.10452821105718613, -1.3975041213143413e-07, -0.09872901439666748, 0.93934565782547, -0.32845446467399597, -2.2259364128112793, -0.6200000047683716, 1.2740635871887207]}, "Camera0063": {"frame": 63, "pose": [-0.04889245331287384, 0.30869343876838684, 0.9499041438102722, 0.9876883625984192, 0.1564343273639679, 2.6845583533940953e-07, -0.14859753847122192, 0.9382092952728271, -0.3125413656234741, -2.2572948932647705, -0.6299999952316284, 1.2427051067352295]}, "Camera0064": {"frame": 64, "pose": [-0.06061220541596413, 0.28515806794166565, 0.9565621018409729, 0.978147566318512, 0.20791172981262207, -2.835372647780332e-08, -0.19888049364089966, 0.935658872127533, -0.2915286719799042, -2.2992608547210693, -0.6399999856948853, 1.2007391452789307]}, "Camera0065": {"frame": 65, "pose": [-0.06899759918451309, 0.2575022578239441, 0.9638111591339111, 0.9659258723258972, 0.2588188946247101, 1.1869732219338403e-07, -0.24945248663425446, 0.9309701323509216, -0.26658597588539124, -2.3499999046325684, -0.6499999761581421, 1.149999976158142]}, "Camera0066": {"frame": 66, "pose": [-0.07387742400169373, 0.22737115621566772, 0.9710018038749695, 0.9510566592216492, 0.3090165853500366, 1.664581361637829e-07, -0.3000556230545044, 0.9234777092933655, -0.23907220363616943, -2.407294988632202, -0.6600000262260437, 1.0927051305770874]}, "Camera0067": {"frame": 67, "pose": [-0.07540912181138992, 0.1964477300643921, 0.9776102304458618, 0.9335805177688599, 0.35836777091026306, -4.5969560602543424e-08, -0.3503440022468567, 0.9126778244972229, -0.21042396128177643, -2.468641519546509, -0.6700000166893005, 1.0313584804534912]}, "Camera0068": {"frame": 68, "pose": [-0.07404260337352753, 0.1663026511669159, 0.98329097032547, 0.9135454893112183, 0.40673649311065674, -6.986287104382427e-08, -0.3999403417110443, 0.8982810378074646, -0.18204087018966675, -2.531358480453491, -0.6800000071525574, 0.968641459941864]}, "Camera0069": {"frame": 69, "pose": [-0.07045470923185349, 0.13827461004257202, 0.9878847599029541, 0.8910066485404968, 0.45399022102355957, 2.9581551075352763e-07, -0.4484899640083313, 0.8802118897438049, -0.15518935024738312, -2.592705011367798, -0.6899999976158142, 0.9072949290275574]}, "Camera0070": {"frame": 70, "pose": [-0.06546910107135773, 0.11339592933654785, 0.9913905262947083, 0.8660255074501038, 0.49999988079071045, -3.8460282070218454e-08, -0.4956951439380646, 0.8585694432258606, -0.1309383064508438, -2.6500000953674316, -0.699999988079071, 0.8500000238418579]}, "Camera0071": {"frame": 71, "pose": [-0.059982817620038986, 0.09236513823270798, 0.9939168691635132, 0.838670551776886, 0.5446390509605408, 1.6170361050171778e-07, -0.5413259267807007, 0.833568811416626, -0.11013291031122208, -2.7007391452789307, -0.7099999785423279, 0.7992607951164246]}, "Camera0072": {"frame": 72, "pose": [-0.05489959940314293, 0.0755624920129776, 0.9956285953521729, 0.8090172410011292, 0.5877849459648132, 2.2811029509739456e-07, -0.5852155089378357, 0.8054807186126709, -0.0934005156159401, -2.7427051067352295, -0.7200000286102295, 0.7572948932647705]}, "Camera0073": {"frame": 73, "pose": [-0.051086392253637314, 0.06308640539646149, 0.9966996908187866, 0.7771461009979248, 0.6293202042579651, 4.331186431727474e-08, -0.6272432208061218, 0.7745813131332397, -0.08117704838514328, -2.7740635871887207, -0.7300000190734863, 0.7259363532066345]}, "Camera0074": {"frame": 74, "pose": [-0.04934288188815117, 0.054800618439912796, 0.9972773790359497, 0.7431448698043823, 0.6691305637359619, 1.4277131299422763e-07, -0.6673087477684021, 0.7411215901374817, -0.07374162971973419, -2.7934443950653076, -0.7400000095367432, 0.7065557241439819]}, "Camera0075": {"frame": 75, "pose": [-0.0503791943192482, 0.05037924274802208, 0.9974586963653564, 0.70710688829422, 0.7071066498756409, -2.1541824324344816e-08, -0.7053096890449524, 0.7053099274635315, -0.07124697417020798, -2.799999952316284, -0.75, 0.699999988079071]}, "Camera0076": {"frame": 76, "pose": [-0.05480078235268593, 0.049342475831508636, 0.9972773790359497, 0.6691306233406067, 0.7431448101997375, 2.7882757080988085e-07, -0.7411214709281921, 0.6673088669776917, -0.07374148070812225, -2.7934443950653076, -0.7599999904632568, 0.7065557241439819]}, "Camera0077": {"frame": 77, "pose": [-0.06308647245168686, 0.05108638480305672, 0.9966996908187866, 0.6293203830718994, 0.7771459221839905, 2.872790005881143e-08, -0.7745811343193054, 0.6272434592247009, -0.08117710053920746, -2.7740635871887207, -0.7699999809265137, 0.7259363532066345]}, "Camera0078": {"frame": 78, "pose": [-0.07556264102458954, 0.05489930137991905, 0.9956285953521729, 0.5877854228019714, 0.8090168237686157, 1.6010919523523626e-07, -0.8054803013801575, 0.5852160453796387, -0.09340045601129532, -2.7427051067352295, -0.7799999713897705, 0.7572948932647705]}, "Camera0079": {"frame": 79, "pose": [-0.09236527979373932, 0.0599825419485569, 0.9939168691635132, 0.5446394085884094, 0.8386703133583069, 1.908451423560109e-07, -0.8335685729980469, 0.5413262844085693, -0.11013287305831909, -2.7007391452789307, -0.7900000214576721, 0.7992607951164246]}, "Camera0080": {"frame": 80, "pose": [-0.11339611560106277, 0.06546903401613235, 0.9913905262947083, 0.4999997317790985, 0.8660255670547485, 1.7029746857133432e-07, -0.8585695028305054, 0.495695024728775, -0.13093842566013336, -2.6500000953674316, -0.800000011920929, 0.8500000238418579]}, "Camera0081": {"frame": 81, "pose": [-0.13827484846115112, 0.07045421749353409, 0.9878847599029541, 0.453990638256073, 0.8910064697265625, 3.2808262062644644e-07, -0.8802116513252258, 0.4484904706478119, -0.15518933534622192, -2.592705011367798, -0.8100000023841858, 0.9072949290275574]}, "Camera0082": {"frame": 82, "pose": [-0.1663026362657547, 0.074042908847332, 0.98329097032547, 0.40673699975013733, 0.9135453104972839, -1.1957162371345476e-07, -0.8982808589935303, 0.3999407887458801, -0.1820409893989563, -2.531358480453491, -0.8199999928474426, 0.968641459941864]}, "Camera0083": {"frame": 83, "pose": [-0.19644781947135925, 0.07540901005268097, 0.9776102304458618, 0.3583676517009735, 0.9335805177688599, 1.6487487641825282e-07, -0.9126778841018677, 0.3503439128398895, -0.2104240208864212, -2.468641519546509, -0.8299999833106995, 1.0313584804534912]}, "Camera0084": {"frame": 84, "pose": [-0.22737139463424683, 0.07387733459472656, 0.9710017442703247, 0.30901700258255005, 0.9510565400123596, 1.0433039676627232e-07, -0.9234775304794312, 0.3000560700893402, -0.23907239735126495, -2.407294988632202, -0.8399999737739563, 1.0927051305770874]}, "Camera0085": {"frame": 85, "pose": [-0.25750234723091125, 0.06899702548980713, 0.9638111591339111, 0.2588192820549011, 0.9659257531166077, 5.938673552918772e-07, -0.9309700131416321, 0.24945306777954102, -0.26658591628074646, -2.3499999046325684, -0.8500000238418579, 1.149999976158142]}, "Camera0086": {"frame": 86, "pose": [-0.28515803813934326, 0.06061224266886711, 0.9565621018409729, 0.207912415266037, 0.9781474471092224, 1.9123277184007748e-07, -0.9356587529182434, 0.19888119399547577, -0.2915286421775818, -2.2992608547210693, -0.8600000143051147, 1.2007391452789307]}, "Camera0087": {"frame": 87, "pose": [-0.3086938261985779, 0.048892177641391754, 0.9499040246009827, 0.15643426775932312, 0.9876883625984192, 5.8997471796828904e-08, -0.9382091760635376, 0.14859755337238312, -0.3125417232513428, -2.2572948932647705, -0.8700000047683716, 1.2427051067352295]}, "Camera0088": {"frame": 88, "pose": [-0.32665494084358215, 0.03433302044868469, 0.9445198774337769, 0.10452884435653687, 0.9945218563079834, -7.897035914083972e-08, -0.93934565782547, 0.09872954338788986, -0.32845428586006165, -2.2259364128112793, -0.8799999952316284, 1.2740635871887207]}, "Camera0089": {"frame": 89, "pose": [-0.3379100561141968, 0.01770913042128086, 0.9410117864608765, 0.05233638733625412, 0.9986295104026794, 1.4026348083007179e-07, -0.9397221207618713, 0.04924920201301575, -0.3383738100528717, -2.2065556049346924, -0.8899999856948853, 1.293444275856018]}, "Camera0090": {"frame": 90, "pose": [-0.3417431116104126, 1.1793618526212413e-08, 0.9397934079170227, 5.1601773520815186e-08, 1.0, 6.215123971031744e-09, -0.9397934079170227, 5.0618982783134925e-08, -0.3417431116104126, -2.200000047683716, -0.8999999761581421, 1.2999999523162842]}, "Camera0091": {"frame": 91, "pose": [-0.33790990710258484, -0.01770913414657116, 0.9410118460655212, -0.052335869520902634, 0.9986295104026794, 5.867230257194933e-08, -0.9397222399711609, -0.049248650670051575, -0.33837366104125977, -2.2065556049346924, -0.9100000262260437, 1.293444275856018]}, "Camera0092": {"frame": 92, "pose": [-0.3266552686691284, -0.03433213382959366, 0.9445198178291321, -0.10452783107757568, 0.994521975517273, -5.366667323869478e-07, -0.93934565782547, -0.09872877597808838, -0.32845452427864075, -2.2259364128112793, -0.9200000166893005, 1.2740635871887207]}, "Camera0093": {"frame": 93, "pose": [-0.30869391560554504, -0.04889202490448952, 0.9499040246009827, -0.15643484890460968, 0.9876883029937744, -4.2849237047448696e-07, -0.938209056854248, -0.14859822392463684, -0.31254178285598755, -2.2572948932647705, -0.9300000071525574, 1.2427051067352295]}, "Camera0094": {"frame": 94, "pose": [-0.2851581573486328, -0.06061188876628876, 0.9565621018409729, -0.20791147649288177, 0.9781476259231567, -2.9107982868481486e-07, -0.9356589317321777, -0.19888031482696533, -0.29152870178222656, -2.2992608547210693, -0.9399999976158142, 1.2007391452789307]}, "Camera0095": {"frame": 95, "pose": [-0.25750234723091125, -0.06899714469909668, 0.9638111591339111, -0.25881853699684143, 0.9659259915351868, -2.479038982983184e-07, -0.9309701919555664, -0.24945224821567535, -0.26658594608306885, -2.3499999046325684, -0.949999988079071, 1.149999976158142]}, "Camera0096": {"frame": 96, "pose": [-0.22737117111682892, -0.0738774985074997, 0.9710018038749695, -0.309017151594162, 0.9510564804077148, 7.999772577704789e-08, -0.9234775304794312, -0.30005618929862976, -0.23907223343849182, -2.407294988632202, -0.9599999785423279, 1.0927051305770874]}, "Camera0097": {"frame": 97, "pose": [-0.19644775986671448, -0.07540902495384216, 0.9776102304458618, -0.358367919921875, 0.9335804581642151, -1.8787261524266796e-07, -0.9126777648925781, -0.350344181060791, -0.21042396128177643, -2.468641519546509, -0.9700000286102295, 1.0313584804534912]}, "Camera0098": {"frame": 98, "pose": [-0.1663028746843338, -0.07404276728630066, 0.9832909107208252, -0.40673619508743286, 0.9135456681251526, 4.804643793931973e-08, -0.8982811570167542, -0.39994001388549805, -0.18204113841056824, -2.531358480453491, -0.9800000190734863, 0.968641459941864]}, "Camera0099": {"frame": 99, "pose": [-0.13827481865882874, -0.07045445591211319, 0.9878847599029541, -0.45399075746536255, 0.8910064101219177, -1.2179870623185707e-07, -0.880211591720581, -0.44849056005477905, -0.1551894247531891, -2.592705011367798, -0.9900000095367432, 0.9072949290275574]}, "Camera0100": {"frame": 100, "pose": [-0.11339600384235382, -0.06546914577484131, 0.9913905262947083, -0.5000000596046448, 0.8660253286361694, -6.789264972439923e-08, -0.858569324016571, -0.4956953525543213, -0.13093839585781097, -2.6500000953674316, -1.0, 0.8500000238418579]}, "Camera0101": {"frame": 101, "pose": [-0.09236543625593185, -0.059982314705848694, 0.9939168691635132, -0.5446387529373169, 0.8386707305908203, -3.8716274275429896e-07, -0.8335689902305603, -0.5413256883621216, -0.11013288795948029, -2.7007391452789307, -1.0099999904632568, 0.7992607951164246]}, "Camera0102": {"frame": 102, "pose": [-0.075562484562397, -0.05489945411682129, 0.9956286549568176, -0.5877847671508789, 0.8090173006057739, 1.3232458684342419e-07, -0.8054808378219604, -0.5852153301239014, -0.09340041875839233, -2.7427051067352295, -1.0199999809265137, 0.7572948932647705]}, "Camera0103": {"frame": 103, "pose": [-0.06308639794588089, -0.05108647793531418, 0.9966996908187866, -0.6293204426765442, 0.7771459221839905, 9.008796553189313e-08, -0.7745811343193054, -0.6272434592247009, -0.08117710053920746, -2.7740635871887207, -1.0299999713897705, 0.7259363532066345]}, "Camera0104": {"frame": 104, "pose": [-0.05480076000094414, -0.04934293031692505, 0.9972773790359497, -0.6691303849220276, 0.7431450486183167, 1.0181560838873338e-07, -0.7411217093467712, -0.6673085689544678, -0.07374176383018494, -2.7934443950653076, -1.0399999618530273, 0.7065557241439819]}, "Camera0105": {"frame": 105, "pose": [-0.050379253923892975, -0.05037936940789223, 0.9974586963653564, -0.7071065306663513, 0.7071070671081543, 1.0934614635971229e-07, -0.7053101062774658, -0.7053095102310181, -0.07124710828065872, -2.799999952316284, -1.0499999523162842, 0.699999988079071]}, "Camera0106": {"frame": 106, "pose": [-0.049342792481184006, -0.054800692945718765, 0.9972773790359497, -0.7431448101997375, 0.6691306233406067, -1.9500891568213774e-08, -0.6673088073730469, -0.7411215305328369, -0.0737416222691536, -2.7934443950653076, -1.059999942779541, 0.7065557241439819]}, "Camera0107": {"frame": 107, "pose": [-0.051086463034152985, -0.06308630108833313, 0.9966996908187866, -0.7771458029747009, 0.6293205618858337, -1.2350285771844938e-07, -0.6272436380386353, -0.7745810151100159, -0.08117701858282089, -2.7740635871887207, -1.0700000524520874, 0.7259363532066345]}, "Camera0108": {"frame": 108, "pose": [-0.05489937216043472, -0.07556246221065521, 0.9956286549568176, -0.8090167045593262, 0.5877856612205505, 2.2511491337695588e-08, -0.585216224193573, -0.8054801821708679, -0.09340035915374756, -2.7427051067352295, -1.0800000429153442, 0.7572948932647705]}, "Camera0109": {"frame": 109, "pose": [-0.05998272821307182, -0.0923653393983841, 0.9939168691635132, -0.8386706709861755, 0.5446388125419617, -4.4843084801016175e-09, -0.5413256883621216, -0.8335689306259155, -0.11013302952051163, -2.7007391452789307, -1.090000033378601, 0.7992607951164246]}, "Camera0110": {"frame": 110, "pose": [-0.06546920537948608, -0.11339586973190308, 0.9913905262947083, -0.866025447845459, 0.49999988079071045, -7.972268178946251e-08, -0.4956951439380646, -0.8585694432258606, -0.1309383064508438, -2.6500000953674316, -1.100000023841858, 0.8500000238418579]}, "Camera0111": {"frame": 111, "pose": [-0.0704546794295311, -0.138274684548378, 0.9878847599029541, -0.891006350517273, 0.4539908766746521, -1.2181969566427142e-07, -0.4484906494617462, -0.8802115321159363, -0.1551893949508667, -2.592705011367798, -1.1100000143051147, 0.9072949290275574]}, "Camera0112": {"frame": 112, "pose": [-0.07404271513223648, -0.1663026064634323, 0.98329097032547, -0.9135456085205078, 0.4067363739013672, -7.97996051460359e-08, -0.3999401926994324, -0.8982810974121094, -0.18204088509082794, -2.531358480453491, -1.1200000047683716, 0.968641459941864]}, "Camera0113": {"frame": 113, "pose": [-0.07540933787822723, -0.19644750654697418, 0.9776102304458618, -0.9335803985595703, 0.35836800932884216, -1.7982556244078296e-07, -0.3503442108631134, -0.9126777648925781, -0.21042384207248688, -2.468641519546509, -1.1299999952316284, 1.0313584804534912]}, "Camera0114": {"frame": 114, "pose": [-0.0738777443766594, -0.2273712158203125, 0.9710017442703247, -0.9510564208030701, 0.3090173602104187, -2.5534879455335613e-07, -0.3000563383102417, -0.9234774708747864, -0.23907235264778137, -2.407294988632202, -1.1399999856948853, 1.0927051305770874]}, "Camera0115": {"frame": 115, "pose": [-0.06899736821651459, -0.2575022280216217, 0.9638111591339111, -0.9659258723258972, 0.2588188052177429, 7.231486875980409e-08, -0.24945245683193207, -0.9309701323509216, -0.2665858864784241, -2.3499999046325684, -1.149999976158142, 1.149999976158142]}, "Camera0116": {"frame": 116, "pose": [-0.06061220541596413, -0.2851579785346985, 0.9565621018409729, -0.978147566318512, 0.20791175961494446, 1.2240312763367456e-08, -0.19888052344322205, -0.9356589317321777, -0.2915285527706146, -2.2992608547210693, -1.159999966621399, 1.2007391452789307]}, "Camera0117": {"frame": 117, "pose": [-0.048892099410295486, -0.30869370698928833, 0.9499040842056274, -0.9876883625984192, 0.15643443167209625, 1.7832624621405557e-07, -0.14859776198863983, -0.9382091760635376, -0.3125416040420532, -2.2572948932647705, -1.1699999570846558, 1.2427051067352295]}, "Camera0118": {"frame": 118, "pose": [-0.03433309495449066, -0.326654851436615, 0.9445198774337769, -0.9945217967033386, 0.10452917963266373, -5.184998741469826e-08, -0.09872987121343613, -0.93934565782547, -0.3284541964530945, -2.2259364128112793, -1.1799999475479126, 1.2740635871887207]}, "Camera0119": {"frame": 119, "pose": [-0.017709147185087204, -0.33790984749794006, 0.9410118460655212, -0.9986295700073242, 0.052335821092128754, -9.411272827719586e-08, -0.0492485947906971, -0.9397222399711609, -0.3383735716342926, -2.2065556049346924, -1.190000057220459, 1.293444275856018]}}, "environment": {"name": "bunny_4", "width": 0.024, "resolution_x": 640, "resolution_y": 480, "lens": 0.035, "max_depth": 20.0, "min_depth": 1.0}}